-1.91990637779 -1
-1.91408919543 -1
-1.90827201307 2.66199994087
-1.90245483071 2.65499997139
-1.89663764834 2.64899992943
-1.89082046598 -1
-1.88500328362 -1
-1.87918610126 -1
-1.8733689189 -1
-1.86755173653 2.63000011444
-1.86173455417 2.6210000515
-1.85591737181 2.617000103
-1.85010018945 2.60599994659
-1.84428300709 2.60199999809
-1.83846582472 2.59899997711
-1.83264864236 2.59299993515
-1.82683146 2.59299993515
-1.82101427764 2.59100008011
-1.81519709527 2.58200001717
-1.80937991291 2.57299995422
-1.80356273055 2.56500005722
-1.79774554819 2.5680000782
-1.79192836583 2.55800008774
-1.78611118346 2.55800008774
-1.7802940011 2.55900001526
-1.77447681874 2.53900003433
-1.76865963638 2.54800009727
-1.76284245402 2.53600001335
-1.75702527165 2.53099989891
-1.75120808929 2.52999997139
-1.74539090693 2.53099989891
-1.73957372457 2.53500008583
-1.73375654221 2.51799988747
-1.72793935984 2.51699995995
-1.72212217748 2.5150001049
-1.71630499512 2.54200005531
-1.71048781276 2.60299992561
-1.7046706304 2.69000005722
-1.69885344803 2.76900005341
-1.69303626567 -1
-1.68721908331 -1
-1.68140190095 4.36899995804
-1.67558471859 4.38000011444
-1.66976753622 -1
-1.66395035386 -1
-1.6581331715 -1
-1.65231598914 5.01000022888
-1.64649880677 5.01700019836
-1.64068162441 -1
-1.63486444205 -1
-1.62904725969 -1
-1.62323007733 -1
-1.61741289496 6.66099977493
-1.6115957126 6.65700006485
-1.60577853024 6.66800022125
-1.59996134788 6.68499994278
-1.59414416552 -1
-1.58832698315 -1
-1.58250980079 5.16200017929
-1.57669261843 -1
-1.57087543607 -1
-1.56505825371 -1
-1.55924107134 -1
-1.55342388898 -1
-1.54760670662 -1
-1.54178952426 12.9569997787
-1.5359723419 12.9630002975
-1.53015515953 12.9630002975
-1.52433797717 12.9619998932
-1.51852079481 12.9659996033
-1.51270361245 12.9729995728
-1.50688643008 12.9779996872
-1.50106924772 -1
-1.49525206536 -1
-1.489434883 11.0920000076
-1.48361770064 11.1029996872
-1.47780051827 11.1000003815
-1.47198333591 11.1219997406
-1.46616615355 11.2019996643
-1.46034897119 11.3129997253
-1.45453178883 11.1870002747
-1.44871460646 11.2869997025
-1.4428974241 -1
-1.43708024174 -1
-1.43126305938 10.7989997864
-1.42544587702 10.7969999313
-1.41962869465 10.7609996796
-1.41381151229 -1
-1.40799432993 -1
-1.40217714757 -1
-1.39635996521 -1
-1.39054278284 9.38599967957
-1.38472560048 -1
-1.37890841812 -1
-1.37309123576 2.14700007439
-1.36727405339 2.1210000515
-1.36145687103 2.08599996567
-1.35563968867 2.04500007629
-1.34982250631 2.00500011444
-1.34400532395 1.98099994659
-1.33818814158 1.96000003815
-1.33237095922 1.92900002003
-1.32655377686 1.90299999714
-1.3207365945 1.8789999485
-1.31491941214 1.86099994183
-1.30910222977 -1
-1.30328504741 -1
-1.29746786505 1.76499998569
-1.29165068269 1.76100003719
-1.28583350033 1.73399996758
-1.28001631796 1.71700000763
-1.2741991356 1.69000005722
-1.26838195324 1.67200005054
-1.26256477088 1.65499997139
-1.25674758852 1.63900005817
-1.25093040615 1.6210000515
-1.24511322379 1.60199999809
-1.23929604143 1.58099997044
-1.23347885907 1.55700004101
-1.2276616767 1.54700005054
-1.22184449434 1.53100001812
-1.21602731198 1.51800000668
-1.21021012962 1.50600004196
-1.20439294726 1.48099994659
-1.19857576489 1.47099995613
-1.19275858253 1.46399998665
-1.18694140017 1.43499994278
-1.18112421781 1.41799998283
-1.17530703545 1.4090000391
-1.16948985308 1.39400005341
-1.16367267072 1.38100004196
-1.15785548836 1.36800003052
-1.152038306 1.35399997234
-1.14622112364 1.33599996567
-1.14040394127 1.33200001717
-1.13458675891 1.32000005245
-1.12876957655 1.30400002003
-1.12295239419 1.30499994755
-1.11713521183 1.28499996662
-1.11131802946 1.28299999237
-1.1055008471 1.25999999046
-1.09968366474 1.2539999485
-1.09386648238 1.24399995804
-1.08804930001 1.23300004005
-1.08223211765 1.22300004959
-1.07641493529 1.21800005436
-1.07059775293 1.20500004292
-1.06478057057 1.20299994946
-1.0589633882 1.18700003624
-1.05314620584 1.1779999733
-1.04732902348 1.17999994755
-1.04151184112 1.15999996662
-1.03569465876 1.15600001812
-1.02987747639 1.14999997616
-1.02406029403 1.13999998569
-1.01824311167 1.13199996948
-1.01242592931 1.1210000515
-1.00660874695 1.13499999046
-1.00079156458 1.13999998569
-0.994974382222 1.15999996662
-0.98915719986 1.15799999237
-0.983340017498 1.15999996662
-0.977522835135 1.15299999714
-0.971705652773 1.16700005531
-0.965888470411 1.16799998283
-0.960071288049 1.17900002003
-0.954254105687 1.17999994755
-0.948436923325 1.19400000572
-0.942619740963 1.1970000267
-0.936802558601 1.21399998665
-0.930985376239 1.20700001717
-0.925168193877 1.21899998188
-0.919351011515 1.22099995613
-0.913533829153 1.23599994183
-0.907716646791 1.24500000477
-0.901899464428 -1
-0.896082282066 -1
-0.890265099704 -1
-0.884447917342 1.10800004005
-0.87863073498 1.10300004482
-0.872813552618 1.09300005436
-0.866996370256 1.08399999142
-0.861179187894 1.08099997044
-0.855362005532 1.0759999752
-0.84954482317 -1
-0.843727640808 -1
-0.837910458446 1.0379999876
-0.832093276083 1.04799997807
-0.826276093721 1.03999996185
-0.820458911359 1.03699994087
-0.814641728997 1.02600002289
-0.808824546635 1.00899994373
-0.803007364273 1.00600004196
-0.797190181911 1.01300001144
-0.791372999549 1.00699996948
-0.785555817187 1.0039999485
-0.779738634825 0.990999996662
-0.773921452463 0.990000009537
-0.768104270101 0.981999993324
-0.762287087739 0.972999989986
-0.756469905376 0.97000002861
-0.750652723014 0.972000002861
-0.744835540652 0.963999986649
-0.73901835829 0.962000012398
-0.733201175928 0.953999996185
-0.727383993566 0.947000026703
-0.721566811204 0.944999992847
-0.715749628842 0.938000023365
-0.70993244648 0.934000015259
-0.704115264118 0.930000007153
-0.698298081756 0.929000020027
-0.692480899394 0.924000024796
-0.686663717031 0.916999995708
-0.680846534669 0.916000008583
-0.675029352307 0.912999987602
-0.669212169945 0.908999979496
-0.663394987583 0.903999984264
-0.657577805221 0.902000010014
-0.651760622859 0.89200001955
-0.645943440497 0.893999993801
-0.640126258135 0.888999998569
-0.634309075773 0.887000024319
-0.628491893411 0.883000016212
-0.622674711049 0.876999974251
-0.616857528687 0.862999975681
-0.611040346324 0.873000025749
-0.605223163962 0.869000017643
-0.5994059816 0.862999975681
-0.593588799238 0.864000022411
-0.587771616876 0.861999988556
-0.581954434514 0.851000010967
-0.576137252152 -1
-0.57032006979 -1
-0.564502887428 -1
-0.558685705066 0.657000005245
-0.552868522704 0.661000013351
-0.547051340342 0.65600001812
-0.541234157979 0.657999992371
-0.535416975617 0.651000022888
-0.529599793255 0.657000005245
-0.523782610893 0.651000022888
-0.517965428531 0.646000027657
-0.512148246169 0.648000001907
-0.506331063807 0.657000005245
-0.500513881445 0.671000003815
-0.494696699083 0.684000015259
-0.488879516721 0.679000020027
-0.483062334359 0.679000020027
-0.477245151997 0.676999986172
-0.471427969635 0.674000024796
-0.465610787272 0.671000003815
-0.45979360491 0.669000029564
-0.453976422548 0.667999982834
-0.448159240186 0.666999995708
-0.442342057824 0.662999987602
-0.436524875462 0.662999987602
-0.4307076931 0.663999974728
-0.424890510738 0.652999997139
-0.419073328376 0.657999992371
-0.413256146014 0.65499997139
-0.407438963652 0.653999984264
-0.40162178129 0.648000001907
-0.395804598927 -1
-0.389987416565 -1
-0.384170234203 0.605000019073
-0.378353051841 0.598999977112
-0.372535869479 0.602999985218
-0.366718687117 0.601999998093
-0.360901504755 0.592000007629
-0.355084322393 0.59500002861
-0.349267140031 0.59399998188
-0.343449957669 0.597000002861
-0.337632775307 0.601999998093
-0.331815592945 0.589999973774
-0.325998410583 0.598999977112
-0.32018122822 0.601999998093
-0.314364045858 0.598999977112
-0.308546863496 0.606999993324
-0.302729681134 0.619000017643
-0.296912498772 0.60799998045
-0.29109531641 0.59500002861
-0.285278134048 0.592999994755
-0.279460951686 -1
-0.273643769324 -1
-0.267826586962 -1
-0.2620094046 -1
-0.256192222238 -1
-0.250375039876 0.739000022411
-0.244557857513 0.73400002718
-0.238740675151 0.750999987125
-0.232923492789 0.753000020981
-0.227106310427 0.757000029087
-0.221289128065 0.757000029087
-0.215471945703 0.745999991894
-0.209654763341 0.745999991894
-0.203837580979 0.741999983788
-0.198020398617 -1
-0.192203216255 -1
-0.186386033893 -1
-0.180568851531 0.740000009537
-0.174751669168 0.744000017643
-0.168934486806 -1
-0.163117304444 -1
-0.157300122082 -1
-0.15148293972 -1
-0.145665757358 0.745999991894
-0.139848574996 0.739000022411
-0.134031392634 0.741999983788
-0.128214210272 0.744000017643
-0.12239702791 0.746999979019
-0.116579845548 0.745000004768
-0.110762663186 0.739000022411
-0.104945480824 0.742999970913
-0.0991282984614 0.744000017643
-0.0933111160994 0.740999996662
-0.0874939337373 0.740000009537
-0.0816767513752 0.740999996662
-0.0758595690131 0.740999996662
-0.070042386651 0.737999975681
-0.064225204289 0.739000022411
-0.0584080219269 0.740000009537
-0.0525908395648 0.748000025749
-0.0467736572027 0.739000022411
-0.0409564748406 0.740999996662
-0.0351392924786 0.736000001431
-0.0293221101165 0.745000004768
-0.0235049277544 0.741999983788
-0.0176877453923 0.742999970913
-0.0118705630302 0.742999970913
-0.00605338066816 0.744000017643
-0.000236198306084 0.742999970913
0.005580984056 0.740999996662
0.0113981664181 0.737999975681
0.0172153487802 0.740999996662
0.0230325311422 0.745000004768
0.0288497135043 0.741999983788
0.0346668958664 0.737999975681
0.0404840782285 0.744000017643
0.0463012605906 0.750999987125
0.0521184429526 0.744000017643
0.0579356253147 0.742999970913
0.0637528076768 0.745999991894
0.0695699900389 0.749000012875
0.075387172401 0.744000017643
0.081204354763 0.748000025749
0.0870215371251 0.75
0.0928387194872 0.753000020981
0.0986559018493 0.754999995232
0.104473084211 0.745000004768
0.110290266573 0.746999979019
0.116107448936 0.759000003338
0.121924631298 0.754999995232
0.12774181366 0.750999987125
0.133558996022 0.753000020981
0.139376178384 0.754999995232
0.145193360746 0.757000029087
0.151010543108 0.762000024319
0.15682772547 0.763000011444
0.162644907832 0.751999974251
0.168462090194 0.754000008106
0.174279272556 0.755999982357
0.180096454918 0.763000011444
0.18591363728 0.76700001955
0.191730819643 0.759000003338
0.197548002005 0.76700001955
0.203365184367 0.771000027657
0.209182366729 0.771000027657
0.214999549091 0.774999976158
0.220816731453 0.76599997282
0.226633913815 0.768000006676
0.232451096177 0.76700001955
0.238268278539 0.768000006676
0.244085460901 0.768000006676
0.249902643263 0.773000001907
0.255719825625 0.778999984264
0.261537007987 0.78100001812
0.26735419035 0.777999997139
0.273171372712 0.77999997139
0.278988555074 0.783999979496
0.284805737436 0.776000022888
0.290622919798 0.788999974728
0.29644010216 0.78100001812
0.302257284522 0.782000005245
0.308074466884 0.783999979496
0.313891649246 0.787000000477
0.319708831608 0.788999974728
0.32552601397 0.791999995708
0.331343196332 0.797999978065
0.337160378695 0.791999995708
0.342977561057 0.795000016689
0.348794743419 0.796000003815
0.354611925781 0.800999999046
0.360429108143 0.802999973297
0.366246290505 0.806999981403
0.372063472867 0.804000020027
0.377880655229 0.810000002384
0.383697837591 0.806999981403
0.389515019953 0.81400001049
0.395332202315 0.815999984741
0.401149384677 0.815999984741
0.406966567039 0.819999992847
0.412783749402 -1
0.418600931764 -1
0.424418114126 -1
0.430235296488 0.830999970436
0.43605247885 0.830999970436
0.441869661212 0.830999970436
0.447686843574 0.836000025272
0.453504025936 0.838999986649
0.459321208298 0.842000007629
0.46513839066 0.847000002861
0.470955573022 0.846000015736
0.476772755384 0.851000010967
0.482589937747 0.851999998093
0.488407120109 0.856999993324
0.494224302471 0.85799998045
0.500041484833 0.85799998045
0.505858667195 0.85900002718
0.511675849557 0.866999983788
0.517493031919 0.870000004768
0.523310214281 0.875
0.529127396643 0.875
0.534944579005 0.883000016212
0.540761761367 0.884999990463
0.546578943729 0.885999977589
0.552396126091 0.893999993801
0.558213308454 0.898999989033
0.564030490816 0.898999989033
0.569847673178 0.901000022888
0.57566485554 0.907999992371
0.581482037902 0.908999979496
0.587299220264 0.907999992371
0.593116402626 0.916000008583
0.598933584988 0.924000024796
0.60475076735 0.926999986172
0.610567949712 0.933000028133
0.616385132074 0.934000015259
0.622202314436 0.939999997616
0.628019496799 0.944999992847
0.633836679161 0.945999979973
0.639653861523 0.949999988079
0.645471043885 0.955999970436
0.651288226247 0.958999991417
0.657105408609 0.962999999523
0.662922590971 0.973999977112
0.668739773333 0.972000002861
0.674556955695 0.985000014305
0.680374138057 0.990000009537
0.686191320419 0.990999996662
0.692008502781 -1
0.697825685143 -1
0.703642867506 1.10199999809
0.709460049868 1.08599996567
0.71527723223 -1
0.721094414592 -1
0.726911596954 -1
0.732728779316 0.98299998045
0.738545961678 0.986000001431
0.74436314404 -1
0.750180326402 -1
0.755997508764 1.01400005817
0.761814691126 1.00300002098
0.767631873488 -1
0.773449055851 -1
0.779266238213 -1
0.785083420575 0.728999972343
0.790900602937 0.728999972343
0.796717785299 -1
0.802534967661 -1
0.808352150023 -1
0.814169332385 -1
0.819986514747 -1
0.825803697109 -1
0.831620879471 1.08500003815
0.837438061833 1.08200001717
0.843255244195 1.0759999752
0.849072426558 -1
0.85488960892 -1
0.860706791282 -1
0.866523973644 3.04699993134
0.872341156006 3.06399989128
0.878158338368 3.0490000248
0.88397552073 3.04099988937
0.889792703092 3.02200007439
0.895609885454 3.007999897
0.901427067816 2.99499988556
0.907244250178 2.98300004005
0.91306143254 2.96799993515
0.918878614902 2.95600008965
0.924695797265 2.94099998474
0.930512979627 2.92600011826
0.936330161989 2.91899991035
0.942147344351 2.90199995041
0.947964526713 2.89299988747
0.953781709075 -1
0.959598891437 -1
0.965416073799 -1
0.971233256161 -1
0.977050438523 -1
0.982867620885 -1
0.988684803247 -1
0.99450198561 -1
1.00031916797 -1
1.00613635033 0.878000020981
1.0119535327 0.884999990463
1.01777071506 0.882000029087
1.02358789742 -1
1.02940507978 -1
1.03522226214 1.78900003433
1.04103944451 1.7879999876
1.04685662687 1.77999997139
1.05267380923 1.77600002289
1.05849099159 1.77499997616
1.06430817395 1.76699995995
1.07012535632 1.76699995995
1.07594253868 1.76900005341
1.08175972104 1.77699995041
1.0875769034 1.76999998093
1.09339408576 -1
1.09921126813 -1
1.10502845049 2.15199995041
1.11084563285 2.15199995041
1.11666281521 2.16300010681
1.12247999758 2.16700005531
1.12829717994 2.16599988937
1.1341143623 2.18400001526
1.13993154466 2.18499994278
1.14574872702 2.18400001526
1.15156590939 2.1930000782
1.15738309175 2.20000004768
1.16320027411 2.20900011063
1.16901745647 2.22199988365
1.17483463883 2.23000001907
1.1806518212 2.24000000954
1.18646900356 2.24399995804
1.19228618592 2.2539999485
1.19810336828 -1
1.20392055064 -1
1.20973773301 -1
1.21555491537 -1
1.22137209773 2.24399995804
1.22718928009 -1
1.23300646245 -1
1.23882364482 -1
1.24464082718 3.0039999485
1.25045800954 2.9960000515
1.2562751919 2.99799990654
1.26209237427 2.98900008202
1.26790955663 2.98600006104
1.27372673899 2.97600007057
1.27954392135 2.97900009155
1.28536110371 2.97499990463
1.29117828608 2.97000002861
1.29699546844 2.95799994469
1.3028126508 -1
1.30862983316 -1
1.31444701552 -1
1.32026419789 -1
1.32608138025 2.06299996376
1.33189856261 2.06699991226
1.33771574497 2.06500005722
1.34353292733 2.0720000267
1.3493501097 2.06200003624
1.35516729206 2.04699993134
1.36098447442 -1
1.36680165678 -1
1.37261883914 -1
1.37843602151 -1
1.38425320387 -1
1.39007038623 2.02699995041
1.39588756859 2.01799988747
1.40170475096 2.0039999485
1.40752193332 2.00999999046
1.41333911568 2.03600001335
1.41915629804 2.04600000381
1.4249734804 2.04600000381
1.43079066277 2.05399990082
1.43660784513 2.05599999428
1.44242502749 -1
1.44824220985 -1
1.45405939221 -1
1.45987657458 1.33800005913
1.46569375694 1.33200001717
1.4715109393 1.33599996567
1.47732812166 1.3259999752
1.48314530402 1.34599995613
1.48896248639 -1
1.49477966875 -1
1.50059685111 -1
1.50641403347 -1
1.51223121583 2.08899998665
1.5180483982 2.07100009918
1.52386558056 2.05999994278
1.52968276292 2.0529999733
1.53549994528 -1
1.54131712765 -1
1.54713431001 -1
1.55295149237 1.6210000515
1.55876867473 1.60099995136
1.56458585709 1.58500003815
1.57040303946 1.58399999142
1.57622022182 1.56599998474
1.58203740418 1.56200003624
1.58785458654 1.55900001526
1.5936717689 -1
1.59948895127 -1
1.60530613363 -1
1.61112331599 0.846000015736
1.61694049835 0.823000013828
1.62275768071 0.805999994278
1.62857486308 0.800999999046
1.63439204544 0.788999974728
1.6402092278 0.77999997139
1.64602641016 0.769999980927
1.65184359252 0.769999980927
1.65766077489 0.755999982357
1.66347795725 0.751999974251
1.66929513961 0.749000012875
1.67511232197 0.749000012875
1.68092950433 0.740999996662
1.6867466867 0.746999979019
1.69256386906 -1
1.69838105142 -1
1.70419823378 -1
1.71001541615 -1
1.71583259851 1.22699999809
1.72164978087 1.23199999332
1.72746696323 -1
1.73328414559 -1
1.73910132796 -1
1.74491851032 2.49499988556
1.75073569268 2.50600004196
1.75655287504 2.52099990845
1.7623700574 2.5569999218
1.76818723977 2.60100007057
1.77400442213 2.6210000515
1.77982160449 2.64100003242
1.78563878685 2.66599988937
1.79145596921 2.75099992752
1.79727315158 2.84299993515
1.80309033394 2.85299992561
1.8089075163 2.85400009155
1.81472469866 2.85599994659
1.82054188102 2.84800004959
1.82635906339 2.84899997711
1.83217624575 2.84500002861
1.83799342811 2.83500003815
1.84381061047 2.83200001717
1.84962779284 2.82500004768
1.8554449752 2.82100009918
1.86126215756 2.82399988174
1.86707933992 2.81699991226
1.87289652228 2.8069999218
1.87871370465 2.80399990082
1.88453088701 2.7990000248
1.89034806937 2.80200004578
1.89616525173 2.79399991035
1.90198243409 2.7990000248
1.90779961646 2.79500007629
1.91361679882 2.79600000381
1.91943398118 2.80100011826
1.92525116354 2.80399990082
