-1.91990637779 1.26600003242
-1.91408919543 1.25499999523
-1.90827201307 1.23800003529
-1.90245483071 1.22699999809
-1.89663764834 1.24500000477
-1.89082046598 1.27199995518
-1.88500328362 1.28900003433
-1.87918610126 -1
-1.8733689189 -1
-1.86755173653 1.23800003529
-1.86173455417 1.23599994183
-1.85591737181 1.23300004005
-1.85010018945 1.23500001431
-1.84428300709 1.21500003338
-1.83846582472 1.17700004578
-1.83264864236 1.18299996853
-1.82683146 1.21700000763
-1.82101427764 1.22000002861
-1.81519709527 1.22000002861
-1.80937991291 1.22000002861
-1.80356273055 1.21399998665
-1.79774554819 1.21500003338
-1.79192836583 1.21099996567
-1.78611118346 1.21700000763
-1.7802940011 1.21099996567
-1.77447681874 1.21099996567
-1.76865963638 1.25
-1.76284245402 -1
-1.75702527165 -1
-1.75120808929 1.15499997139
-1.74539090693 1.14999997616
-1.73957372457 1.15799999237
-1.73375654221 1.14800000191
-1.72793935984 1.14999997616
-1.72212217748 1.15600001812
-1.71630499512 1.15299999714
-1.71048781276 1.14499998093
-1.7046706304 1.14499998093
-1.69885344803 1.14699995518
-1.69303626567 1.14999997616
-1.68721908331 1.15400004387
-1.68140190095 1.15100002289
-1.67558471859 1.15699994564
-1.66976753622 1.14699995518
-1.66395035386 1.14699995518
-1.6581331715 1.14100003242
-1.65231598914 1.14999997616
-1.64649880677 1.14699995518
-1.64068162441 1.15699994564
-1.63486444205 1.14900004864
-1.62904725969 1.1590000391
-1.62323007733 1.14600002766
-1.61741289496 1.14800000191
-1.6115957126 1.14800000191
-1.60577853024 1.15400004387
-1.59996134788 1.16400003433
-1.59414416552 -1
-1.58832698315 -1
-1.58250980079 -1
-1.57669261843 -1
-1.57087543607 -1
-1.56505825371 -1
-1.55924107134 -1
-1.55342388898 -1
-1.54760670662 -1
-1.54178952426 -1
-1.5359723419 3.81999993324
-1.53015515953 3.82100009918
-1.52433797717 -1
-1.51852079481 -1
-1.51270361245 -1
-1.50688643008 3.81299996376
-1.50106924772 3.81399989128
-1.49525206536 3.81500005722
-1.489434883 3.81200003624
-1.48361770064 3.81500005722
-1.47780051827 3.81100010872
-1.47198333591 3.81399989128
-1.46616615355 3.81399989128
-1.46034897119 3.81399989128
-1.45453178883 3.81399989128
-1.44871460646 3.79999995232
-1.4428974241 3.81500005722
-1.43708024174 3.8180000782
-1.43126305938 -1
-1.42544587702 -1
-1.41962869465 -1
-1.41381151229 -1
-1.40799432993 4.06500005722
-1.40217714757 4.06199979782
-1.39635996521 4.05900001526
-1.39054278284 4.05700016022
-1.38472560048 4.05700016022
-1.37890841812 4.05800008774
-1.37309123576 -1
-1.36727405339 -1
-1.36145687103 -1
-1.35563968867 1.13300001621
-1.34982250631 -1
-1.34400532395 -1
-1.33818814158 -1
-1.33237095922 -1
-1.32655377686 -1
-1.3207365945 -1
-1.31491941214 11.4329996109
-1.30910222977 11.3389997482
-1.30328504741 11.3389997482
-1.29746786505 11.3760004044
-1.29165068269 11.1440000534
-1.28583350033 -1
-1.28001631796 -1
-1.2741991356 2.54299998283
-1.26838195324 2.53999996185
-1.26256477088 2.5529999733
-1.25674758852 2.56999993324
-1.25093040615 -1
-1.24511322379 -1
-1.23929604143 11.1319999695
-1.23347885907 11.1510000229
-1.2276616767 11.1660003662
-1.22184449434 11.1979999542
-1.21602731198 11.236000061
-1.21021012962 -1
-1.20439294726 -1
-1.19857576489 1.17700004578
-1.19275858253 -1
-1.18694140017 -1
-1.18112421781 -1
-1.17530703545 -1
-1.16948985308 3.67899990082
-1.16367267072 3.70199990273
-1.15785548836 3.63499999046
-1.152038306 3.55900001526
-1.14622112364 3.507999897
-1.14040394127 3.45600008965
-1.13458675891 3.40100002289
-1.12876957655 3.32699990273
-1.12295239419 3.2650001049
-1.11713521183 3.24799990654
-1.11131802946 3.21499991417
-1.1055008471 3.17600011826
-1.09968366474 3.132999897
-1.09386648238 3.09200000763
-1.08804930001 3.05399990082
-1.08223211765 3.01300001144
-1.07641493529 2.97199988365
-1.07059775293 2.93700003624
-1.06478057057 2.90100002289
-1.0589633882 2.86500000954
-1.05314620584 2.83299994469
-1.04732902348 2.79699993134
-1.04151184112 2.76799988747
-1.03569465876 2.73799991608
-1.02987747639 2.70399999619
-1.02406029403 2.67300009727
-1.01824311167 2.64700007439
-1.01242592931 2.61599993706
-1.00660874695 2.58699989319
-1.00079156458 2.56200003624
-0.994974382222 2.54099988937
-0.98915719986 2.54399991035
-0.983340017498 2.53800010681
-0.977522835135 2.55200004578
-0.971705652773 2.56699991226
-0.965888470411 2.57500004768
-0.960071288049 2.58999991417
-0.954254105687 2.60100007057
-0.948436923325 2.59999990463
-0.942619740963 2.51999998093
-0.936802558601 2.49000000954
-0.930985376239 -1
-0.925168193877 -1
-0.919351011515 2.42499995232
-0.913533829153 2.41000008583
-0.907716646791 2.35700011253
-0.901899464428 2.35899996758
-0.896082282066 2.3599998951
-0.890265099704 -1
-0.884447917342 -1
-0.87863073498 -1
-0.872813552618 -1
-0.866996370256 -1
-0.861179187894 2.00200009346
-0.855362005532 1.99399995804
-0.84954482317 2.00900006294
-0.843727640808 2.00999999046
-0.837910458446 2.00900006294
-0.832093276083 1.9620000124
-0.826276093721 1.90600001812
-0.820458911359 1.89100003242
-0.814641728997 1.88900005817
-0.808824546635 1.89600002766
-0.803007364273 1.90400004387
-0.797190181911 1.91400003433
-0.791372999549 1.9240000248
-0.785555817187 1.93799996376
-0.779738634825 1.9470000267
-0.773921452463 1.94599997997
-0.768104270101 2.00500011444
-0.762287087739 2.01399993896
-0.756469905376 2.00500011444
-0.750652723014 1.99100005627
-0.744835540652 1.97500002384
-0.73901835829 1.96800005436
-0.733201175928 1.95899999142
-0.727383993566 1.95200002193
-0.721566811204 1.93400001526
-0.715749628842 1.93099999428
-0.70993244648 1.91700005531
-0.704115264118 1.89999997616
-0.698298081756 1.88900005817
-0.692480899394 1.88300001621
-0.686663717031 1.87199997902
-0.680846534669 1.85800004005
-0.675029352307 1.85599994659
-0.669212169945 1.84300005436
-0.663394987583 1.83800005913
-0.657577805221 1.82500004768
-0.651760622859 1.81599998474
-0.645943440497 1.81200003624
-0.640126258135 -1
-0.634309075773 -1
-0.628491893411 -1
-0.622674711049 1.06700003147
-0.616857528687 1.06500005722
-0.611040346324 1.05999994278
-0.605223163962 1.0529999733
-0.5994059816 1.05200004578
-0.593588799238 1.04999995232
-0.587771616876 1.0490000248
-0.581954434514 1.05499994755
-0.576137252152 1.0529999733
-0.57032006979 1.05599999428
-0.564502887428 1.06200003624
-0.558685705066 -1
-0.552868522704 -1
-0.547051340342 -1
-0.541234157979 1.24800002575
-0.535416975617 1.25999999046
-0.529599793255 1.26300001144
-0.523782610893 1.26999998093
-0.517965428531 -1
-0.512148246169 -1
-0.506331063807 -1
-0.500513881445 1.63199996948
-0.494696699083 1.63499999046
-0.488879516721 1.63199996948
-0.483062334359 1.62800002098
-0.477245151997 1.61800003052
-0.471427969635 1.60899996758
-0.465610787272 1.60000002384
-0.45979360491 1.59899997711
-0.453976422548 1.5870000124
-0.448159240186 -1
-0.442342057824 -1
-0.436524875462 -1
-0.4307076931 0.568000018597
-0.424890510738 0.56099998951
-0.419073328376 0.570999979973
-0.413256146014 0.563000023365
-0.407438963652 -1
-0.40162178129 -1
-0.395804598927 0.575999975204
-0.389987416565 0.560000002384
-0.384170234203 0.565999984741
-0.378353051841 0.566999971867
-0.372535869479 0.565999984741
-0.366718687117 -1
-0.360901504755 -1
-0.355084322393 -1
-0.349267140031 1.58200001717
-0.343449957669 1.60800004005
-0.337632775307 1.6289999485
-0.331815592945 1.64999997616
-0.325998410583 1.68400001526
-0.32018122822 1.70599997044
-0.314364045858 1.73300004005
-0.308546863496 1.7460000515
-0.302729681134 -1
-0.296912498772 -1
-0.29109531641 1.55099999905
-0.285278134048 1.54600000381
-0.279460951686 1.55099999905
-0.273643769324 1.56500005722
-0.267826586962 1.53999996185
-0.2620094046 1.54100000858
-0.256192222238 1.58000004292
-0.250375039876 1.5870000124
-0.244557857513 1.62000000477
-0.238740675151 1.58599996567
-0.232923492789 1.55499994755
-0.227106310427 1.55900001526
-0.221289128065 1.55599999428
-0.215471945703 1.55099999905
-0.209654763341 1.55499994755
-0.203837580979 1.54600000381
-0.198020398617 1.52799999714
-0.192203216255 1.52100002766
-0.186386033893 1.51499998569
-0.180568851531 1.52400004864
-0.174751669168 1.51499998569
-0.168934486806 1.51300001144
-0.163117304444 1.49800002575
-0.157300122082 1.5039999485
-0.15148293972 1.50300002098
-0.145665757358 1.53999996185
-0.139848574996 1.5909999609
-0.134031392634 1.625
-0.128214210272 -1
-0.12239702791 -1
-0.116579845548 -1
-0.110762663186 3.8259999752
-0.104945480824 3.82699990273
-0.0991282984614 3.82100009918
-0.0933111160994 3.81900000572
-0.0874939337373 3.81900000572
-0.0816767513752 3.81500005722
-0.0758595690131 3.81100010872
-0.070042386651 3.8069999218
-0.064225204289 3.80599999428
-0.0584080219269 3.80500006676
-0.0525908395648 -1
-0.0467736572027 -1
-0.0409564748406 -1
-0.0351392924786 -1
-0.0293221101165 3.79099988937
-0.0235049277544 3.79099988937
-0.0176877453923 3.78399991989
-0.0118705630302 3.78500008583
-0.00605338066816 3.77800011635
-0.000236198306084 3.78099989891
0.005580984056 3.77900004387
0.0113981664181 3.77600002289
0.0172153487802 3.77800011635
0.0230325311422 3.77699995041
0.0288497135043 3.77699995041
0.0346668958664 -1
0.0404840782285 -1
0.0463012605906 -1
0.0521184429526 2.7460000515
0.0579356253147 2.73399996758
0.0637528076768 2.72799992561
0.0695699900389 2.72000002861
0.075387172401 2.71099996567
0.081204354763 -1
0.0870215371251 -1
0.0928387194872 3.78099989891
0.0986559018493 3.78299999237
0.104473084211 3.78800010681
0.110290266573 3.78500008583
0.116107448936 3.78999996185
0.121924631298 -1
0.12774181366 -1
0.133558996022 -1
0.139376178384 1.70700001717
0.145193360746 1.69599997997
0.151010543108 1.70700001717
0.15682772547 1.70700001717
0.162644907832 -1
0.168462090194 -1
0.174279272556 -1
0.180096454918 -1
0.18591363728 4.97100019455
0.191730819643 4.97800016403
0.197548002005 -1
0.203365184367 -1
0.209182366729 4.66599988937
0.214999549091 4.65899991989
0.220816731453 4.65799999237
0.226633913815 4.66099977493
0.232451096177 4.66699981689
0.238268278539 -1
0.244085460901 -1
0.249902643263 -1
0.255719825625 2.6779999733
0.261537007987 2.62800002098
0.26735419035 2.63400006294
0.273171372712 2.59699988365
0.278988555074 2.59800004959
0.284805737436 2.617000103
0.290622919798 2.64899992943
0.29644010216 2.69400000572
0.302257284522 2.67899990082
0.308074466884 -1
0.313891649246 -1
0.319708831608 -1
0.32552601397 4.04500007629
0.331343196332 4.04899978638
0.337160378695 4.0609998703
0.342977561057 4.05900001526
0.348794743419 -1
0.354611925781 -1
0.360429108143 3.01799988747
0.366246290505 3.00699996948
0.372063472867 -1
0.377880655229 -1
0.383697837591 1.6590000391
0.389515019953 -1
0.395332202315 -1
0.401149384677 -1
0.406966567039 -1
0.412783749402 -1
0.418600931764 2.06200003624
0.424418114126 2.02600002289
0.430235296488 2.00999999046
0.43605247885 2.007999897
0.441869661212 2.0150001049
0.447686843574 2.01600003242
0.453504025936 2.02300000191
0.459321208298 2.02500009537
0.46513839066 2.03299999237
0.470955573022 2.03600001335
0.476772755384 2.04200005531
0.482589937747 2.04800009727
0.488407120109 2.0569999218
0.494224302471 2.05800008774
0.500041484833 2.06200003624
0.505858667195 2.07100009918
0.511675849557 2.07500004768
0.517493031919 2.07800006866
0.523310214281 2.07899999619
0.529127396643 2.08800005913
0.534944579005 2.09599995613
0.540761761367 2.10199999809
0.546578943729 2.10800004005
0.552396126091 2.10899996758
0.558213308454 2.11899995804
0.564030490816 2.117000103
0.569847673178 2.12400007248
0.57566485554 2.13499999046
0.581482037902 2.13400006294
0.587299220264 -1
0.593116402626 -1
0.598933584988 1.63999998569
0.60475076735 -1
0.610567949712 -1
0.616385132074 -1
0.622202314436 -1
0.628019496799 -1
0.633836679161 2.12800002098
0.639653861523 2.13800001144
0.645471043885 2.12199997902
0.651288226247 2.11500000954
0.657105408609 2.09400010109
0.662922590971 2.06999993324
0.668739773333 2.05100011826
0.674556955695 2.02399992943
0.680374138057 2.01999998093
0.686191320419 2.00099992752
0.692008502781 1.98699998856
0.697825685143 1.9659999609
0.703642867506 1.95299994946
0.709460049868 1.93700003624
0.71527723223 1.9240000248
0.721094414592 1.90400004387
0.726911596954 1.89699995518
0.732728779316 1.87600004673
0.738545961678 1.86899995804
0.74436314404 1.85599994659
0.750180326402 1.84500002861
0.755997508764 1.82899999619
0.761814691126 1.82000005245
0.767631873488 1.80700004101
0.773449055851 1.7840000391
0.779266238213 1.78100001812
0.785083420575 -1
0.790900602937 -1
0.796717785299 -1
0.802534967661 -1
0.808352150023 -1
0.814169332385 -1
0.819986514747 -1
0.825803697109 -1
0.831620879471 -1
0.837438061833 -1
0.843255244195 -1
0.849072426558 -1
0.85488960892 1.5909999609
0.860706791282 -1
0.866523973644 -1
0.872341156006 -1
0.878158338368 -1
0.88397552073 -1
0.889792703092 0.00200000009499
0.895609885454 0.00200000009499
0.901427067816 0.00200000009499
0.907244250178 0.00200000009499
0.91306143254 0.00200000009499
0.918878614902 0.00200000009499
0.924695797265 0.00200000009499
0.930512979627 -1
0.936330161989 -1
0.942147344351 1.48300004005
0.947964526713 1.4960000515
0.953781709075 1.5039999485
0.959598891437 1.5
0.965416073799 1.52199995518
0.971233256161 1.53699994087
0.977050438523 1.54999995232
0.982867620885 1.56099998951
0.988684803247 1.57799994946
0.99450198561 1.59000003338
1.00031916797 1.60699999332
1.00613635033 1.61699998379
1.0119535327 1.63300001621
1.01777071506 1.64699995518
1.02358789742 1.6629999876
1.02940507978 1.68200004101
1.03522226214 1.7009999752
1.04103944451 1.71700000763
1.04685662687 1.72899997234
1.05267380923 -1
1.05849099159 -1
1.06430817395 -1
1.07012535632 1.11000001431
1.07594253868 1.10500001907
1.08175972104 -1
1.0875769034 -1
1.09339408576 1.8220000267
1.09921126813 1.80799996853
1.10502845049 1.80700004101
1.11084563285 1.79799997807
1.11666281521 1.79100000858
1.12247999758 1.78299999237
1.12829717994 1.78299999237
1.1341143623 1.78299999237
1.13993154466 1.76800000668
1.14574872702 1.76900005341
1.15156590939 1.75999999046
1.15738309175 1.75100004673
1.16320027411 1.7460000515
1.16901745647 1.74899995327
1.17483463883 1.74199998379
1.1806518212 1.73699998856
1.18646900356 1.73899996281
1.19228618592 -1
1.19810336828 -1
1.20392055064 -1
1.20973773301 -1
1.21555491537 -1
1.22137209773 1.70599997044
1.22718928009 1.69500005245
1.23300646245 1.69500005245
1.23882364482 1.70000004768
1.24464082718 1.69099998474
1.25045800954 1.68499994278
1.2562751919 1.67499995232
1.26209237427 1.6740000248
1.26790955663 1.67200005054
1.27372673899 1.66799998283
1.27954392135 1.6629999876
1.28536110371 1.65799999237
1.29117828608 1.6590000391
1.29699546844 1.65100002289
1.3028126508 1.64999997616
1.30862983316 1.65699994564
1.31444701552 1.64900004864
1.32026419789 1.64300000668
1.32608138025 1.64600002766
1.33189856261 1.63100004196
1.33771574497 1.62699997425
1.34353292733 1.63100004196
1.3493501097 1.6289999485
1.35516729206 1.6210000515
1.36098447442 1.62399995327
1.36680165678 1.62600004673
1.37261883914 1.61800003052
1.37843602151 1.61899995804
1.38425320387 1.61899995804
1.39007038623 1.60199999809
1.39588756859 1.61199998856
1.40170475096 1.60300004482
1.40752193332 1.60099995136
1.41333911568 1.60500001907
1.41915629804 1.59800004959
1.4249734804 1.59500002861
1.43079066277 1.59700000286
1.43660784513 1.59500002861
1.44242502749 1.58800005913
1.44824220985 1.58599996567
1.45405939221 1.5909999609
1.45987657458 1.5870000124
1.46569375694 1.58599996567
1.4715109393 1.59300005436
1.47732812166 1.57700002193
1.48314530402 1.57799994946
1.48896248639 1.58800005913
1.49477966875 1.58599996567
1.50059685111 1.58000004292
1.50641403347 1.5720000267
1.51223121583 1.57700002193
1.5180483982 1.57500004768
1.52386558056 1.5720000267
1.52968276292 1.56900000572
1.53549994528 1.57299995422
1.54131712765 1.56700003147
1.54713431001 1.56900000572
1.55295149237 1.57299995422
1.55876867473 1.57000005245
1.56458585709 1.56700003147
1.57040303946 1.57000005245
1.57622022182 1.56099998951
1.58203740418 1.56700003147
1.58785458654 1.57099997997
1.5936717689 -1
1.59948895127 -1
1.60530613363 -1
1.61112331599 0.626999974251
1.61694049835 0.633000016212
1.62275768071 0.629999995232
1.62857486308 0.623000025749
1.63439204544 -1
1.6402092278 -1
1.64602641016 -1
1.65184359252 1.56500005722
1.65766077489 1.56400001049
1.66347795725 1.56700003147
1.66929513961 1.57000005245
1.67511232197 1.56299996376
1.68092950433 1.56900000572
1.6867466867 1.57000005245
1.69256386906 1.56700003147
1.69838105142 1.56700003147
1.70419823378 1.57000005245
1.71001541615 1.56500005722
1.71583259851 1.57799994946
1.72164978087 1.57299995422
1.72746696323 1.57099997997
1.73328414559 1.57799994946
1.73910132796 1.57700002193
1.74491851032 1.57899999619
1.75073569268 1.5759999752
1.75655287504 1.5759999752
1.7623700574 1.57799994946
1.76818723977 1.58599996567
1.77400442213 1.58399999142
1.77982160449 1.58599996567
1.78563878685 1.58599996567
1.79145596921 1.58599996567
1.79727315158 1.58500003815
1.80309033394 1.59000003338
1.8089075163 1.59000003338
1.81472469866 1.59200000763
1.82054188102 1.59399998188
1.82635906339 1.59800004959
1.83217624575 1.60500001907
1.83799342811 -1
1.84381061047 -1
1.84962779284 0.90499997139
1.8554449752 0.90499997139
1.86126215756 -1
1.86707933992 -1
1.87289652228 -1
1.87871370465 1.61500000954
1.88453088701 1.61500000954
1.89034806937 1.625
1.89616525173 1.62600004673
1.90198243409 1.62699997425
1.90779961646 1.62300002575
1.91361679882 1.6289999485
1.91943398118 1.64199995995
1.92525116354 1.63399994373
