-1.91990637779 1.63900005817
-1.91408919543 1.63999998569
-1.90827201307 1.67999994755
-1.90245483071 1.69500005245
-1.89663764834 1.71000003815
-1.89082046598 1.73199999332
-1.88500328362 1.75300002098
-1.87918610126 1.77400004864
-1.8733689189 -1
-1.86755173653 -1
-1.86173455417 -1
-1.85591737181 -1
-1.85010018945 -1
-1.84428300709 -1
-1.83846582472 -1
-1.83264864236 -1
-1.82683146 2.98699998856
-1.82101427764 2.97199988365
-1.81519709527 2.96799993515
-1.80937991291 2.95600008965
-1.80356273055 -1
-1.79774554819 -1
-1.79192836583 -1
-1.78611118346 4.90799999237
-1.7802940011 4.96000003815
-1.77447681874 -1
-1.76865963638 -1
-1.76284245402 -1
-1.75702527165 0.721000015736
-1.75120808929 0.72000002861
-1.74539090693 0.730000019073
-1.73957372457 0.722999989986
-1.73375654221 0.722999989986
-1.72793935984 -1
-1.72212217748 -1
-1.71630499512 -1
-1.71048781276 -1
-1.7046706304 6.66599988937
-1.69885344803 6.64799976349
-1.69303626567 -1
-1.68721908331 -1
-1.68140190095 -1
-1.67558471859 -1
-1.66976753622 5.64400005341
-1.66395035386 5.52699995041
-1.6581331715 5.50299978256
-1.65231598914 5.53299999237
-1.64649880677 5.47300004959
-1.64068162441 5.47700023651
-1.63486444205 5.51700019836
-1.62904725969 5.48999977112
-1.62323007733 5.46299982071
-1.61741289496 5.5110001564
-1.6115957126 5.42299985886
-1.60577853024 5.30900001526
-1.59996134788 5.3060002327
-1.59414416552 5.31300020218
-1.58832698315 5.31699991226
-1.58250980079 5.31799983978
-1.57669261843 5.3220000267
-1.57087543607 5.3140001297
-1.56505825371 5.3140001297
-1.55924107134 5.31300020218
-1.55342388898 5.32299995422
-1.54760670662 5.31599998474
-1.54178952426 5.31300020218
-1.5359723419 5.22800016403
-1.53015515953 5.17399978638
-1.52433797717 5.05399990082
-1.51852079481 4.96999979019
-1.51270361245 5.13399982452
-1.50688643008 -1
-1.50106924772 -1
-1.49525206536 4.16800022125
-1.489434883 4.27899980545
-1.48361770064 -1
-1.47780051827 -1
-1.47198333591 -1
-1.46616615355 -1
-1.46034897119 -1
-1.45453178883 -1
-1.44871460646 4.96000003815
-1.4428974241 4.92000007629
-1.43708024174 4.89599990845
-1.43126305938 4.89599990845
-1.42544587702 4.91699981689
-1.41962869465 4.8860001564
-1.41381151229 4.89400005341
-1.40799432993 4.92700004578
-1.40217714757 5.01900005341
-1.39635996521 4.97300004959
-1.39054278284 5.01999998093
-1.38472560048 -1
-1.37890841812 -1
-1.37309123576 -1
-1.36727405339 -1
-1.36145687103 -1
-1.35563968867 6.54699993134
-1.34982250631 -1
-1.34400532395 -1
-1.33818814158 -1
-1.33237095922 9.91899967194
-1.32655377686 9.91199970245
-1.3207365945 9.91100025177
-1.31491941214 -1
-1.30910222977 -1
-1.30328504741 -1
-1.29746786505 -1
-1.29165068269 -1
-1.28583350033 -1
-1.28001631796 -1
-1.2741991356 -1
-1.26838195324 9.91499996185
-1.26256477088 9.92099952698
-1.25674758852 9.92099952698
-1.25093040615 9.92300033569
-1.24511322379 9.92899990082
-1.23929604143 9.93500041962
-1.23347885907 -1
-1.2276616767 -1
-1.22184449434 1.99300003052
-1.21602731198 1.99100005627
-1.21021012962 2.02600002289
-1.20439294726 2.03600001335
-1.19857576489 2.05100011826
-1.19275858253 2.04399991035
-1.18694140017 -1
-1.18112421781 -1
-1.17530703545 3.96499991417
-1.16948985308 3.95600008965
-1.16367267072 3.95600008965
-1.15785548836 3.94899988174
-1.152038306 3.94099998474
-1.14622112364 3.93899989128
-1.14040394127 3.93600010872
-1.13458675891 3.92600011826
-1.12876957655 3.9240000248
-1.12295239419 3.91799998283
-1.11713521183 3.91400003433
-1.11131802946 3.91300010681
-1.1055008471 -1
-1.09968366474 -1
-1.09386648238 3.23200011253
-1.08804930001 3.23600006104
-1.08223211765 -1
-1.07641493529 -1
-1.07059775293 1.5870000124
-1.06478057057 1.57899999619
-1.0589633882 1.56400001049
-1.05314620584 1.56299996376
-1.04732902348 1.58099997044
-1.04151184112 1.58299994469
-1.03569465876 1.59300005436
-1.02987747639 -1
-1.02406029403 -1
-1.01824311167 -1
-1.01242592931 1.99300003052
-1.00660874695 1.99000000954
-1.00079156458 1.99100005627
-0.994974382222 1.98699998856
-0.98915719986 1.97899997234
-0.983340017498 1.97500002384
-0.977522835135 1.97500002384
-0.971705652773 1.97599995136
-0.965888470411 1.97500002384
-0.960071288049 1.9620000124
-0.954254105687 -1
-0.948436923325 -1
-0.942619740963 -1
-0.936802558601 1.19299995899
-0.930985376239 1.18099999428
-0.925168193877 1.19000005722
-0.919351011515 1.19200003147
-0.913533829153 -1
-0.907716646791 -1
-0.901899464428 -1
-0.896082282066 1.9509999752
-0.890265099704 1.94400000572
-0.884447917342 1.94200003147
-0.87863073498 1.94500005245
-0.872813552618 1.93799996376
-0.866996370256 1.94000005722
-0.861179187894 1.94000005722
-0.855362005532 1.94500005245
-0.84954482317 1.93700003624
-0.843727640808 1.93099999428
-0.837910458446 -1
-0.832093276083 -1
-0.826276093721 1.5379999876
-0.820458911359 1.5340000391
-0.814641728997 -1
-0.808824546635 -1
-0.803007364273 -1
-0.797190181911 -1
-0.791372999549 -1
-0.785555817187 -1
-0.779738634825 -1
-0.773921452463 -1
-0.768104270101 -1
-0.762287087739 -1
-0.756469905376 3.26399993896
-0.750652723014 3.26799988747
-0.744835540652 3.27900004387
-0.73901835829 3.29099988937
-0.733201175928 3.29800009727
-0.727383993566 3.31599998474
-0.721566811204 3.32800006866
-0.715749628842 3.34100008011
-0.70993244648 3.35899996758
-0.704115264118 -1
-0.698298081756 -1
-0.692480899394 -1
-0.686663717031 2.95799994469
-0.680846534669 2.92499995232
-0.675029352307 2.94899988174
-0.669212169945 2.92700004578
-0.663394987583 2.882999897
-0.657577805221 -1
-0.651760622859 -1
-0.645943440497 2.69499993324
-0.640126258135 2.6930000782
-0.634309075773 -1
-0.628491893411 -1
-0.622674711049 2.89899992943
-0.616857528687 2.89899992943
-0.611040346324 2.91100001335
-0.605223163962 2.91400003433
-0.5994059816 2.93400001526
-0.593588799238 2.97000002861
-0.587771616876 -1
-0.581954434514 -1
-0.576137252152 -1
-0.57032006979 -1
-0.564502887428 -1
-0.558685705066 6.80800008774
-0.552868522704 6.76200008392
-0.547051340342 6.71999979019
-0.541234157979 6.8029999733
-0.535416975617 6.74599981308
-0.529599793255 6.70599985123
-0.523782610893 6.75400018692
-0.517965428531 6.80499982834
-0.512148246169 6.87099981308
-0.506331063807 6.91200017929
-0.500513881445 -1
-0.494696699083 -1
-0.488879516721 -1
-0.483062334359 -1
-0.477245151997 5.74499988556
-0.471427969635 5.6890001297
-0.465610787272 5.65299987793
-0.45979360491 5.66499996185
-0.453976422548 5.67100000381
-0.448159240186 5.61899995804
-0.442342057824 5.6139998436
-0.436524875462 5.63100004196
-0.4307076931 5.50600004196
-0.424890510738 5.51300001144
-0.419073328376 5.42399978638
-0.413256146014 5.47300004959
-0.407438963652 -1
-0.40162178129 -1
-0.395804598927 -1
-0.389987416565 -1
-0.384170234203 -1
-0.378353051841 3.22300004959
-0.372535869479 -1
-0.366718687117 -1
-0.360901504755 -1
-0.355084322393 2.16899991035
-0.349267140031 2.16400003433
-0.343449957669 2.15100002289
-0.337632775307 2.14199995995
-0.331815592945 2.13899993896
-0.325998410583 2.12800002098
-0.32018122822 2.1210000515
-0.314364045858 2.11199998856
-0.308546863496 2.10299992561
-0.302729681134 2.09699988365
-0.296912498772 2.09899997711
-0.29109531641 2.08400011063
-0.285278134048 2.06999993324
-0.279460951686 2.06500005722
-0.273643769324 2.05999994278
-0.267826586962 2.0490000248
-0.2620094046 2.03200006485
-0.256192222238 2.03699994087
-0.250375039876 2.03200006485
-0.244557857513 2.02399992943
-0.238740675151 2.01200008392
-0.232923492789 2.00699996948
-0.227106310427 2.00699996948
-0.221289128065 1.99500000477
-0.215471945703 1.98899996281
-0.209654763341 2.0
-0.203837580979 2.01799988747
-0.198020398617 2.04200005531
-0.192203216255 2.06900000572
-0.186386033893 2.09899997711
-0.180568851531 2.1210000515
-0.174751669168 2.15000009537
-0.168934486806 2.17199993134
-0.163117304444 2.20300006866
-0.157300122082 2.22600007057
-0.15148293972 -1
-0.145665757358 -1
-0.139848574996 1.86500000954
-0.134031392634 1.86000001431
-0.128214210272 1.85699999332
-0.12239702791 1.86199998856
-0.116579845548 1.86199998856
-0.110762663186 1.87199997902
-0.104945480824 1.89699995518
-0.0991282984614 1.91100001335
-0.0933111160994 1.89300000668
-0.0874939337373 1.90199995041
-0.0816767513752 1.89300000668
-0.0758595690131 1.89199995995
-0.070042386651 1.89600002766
-0.064225204289 1.88199996948
-0.0584080219269 1.87699997425
-0.0525908395648 1.87300002575
-0.0467736572027 1.8710000515
-0.0409564748406 1.87399995327
-0.0351392924786 1.86099994183
-0.0293221101165 1.86000001431
-0.0235049277544 1.86300003529
-0.0176877453923 1.86000001431
-0.0118705630302 1.85000002384
-0.00605338066816 1.85199999809
-0.000236198306084 1.84399998188
0.005580984056 1.84599995613
0.0113981664181 1.84200000763
0.0172153487802 1.83800005913
0.0230325311422 1.83599996567
0.0288497135043 1.82700002193
0.0346668958664 1.83099997044
0.0404840782285 1.83099997044
0.0463012605906 1.82500004768
0.0521184429526 1.82700002193
0.0579356253147 1.82899999619
0.0637528076768 1.81700003147
0.0695699900389 1.80900001526
0.075387172401 1.81500005722
0.081204354763 1.82099997997
0.0870215371251 1.80700004101
0.0928387194872 1.80799996853
0.0986559018493 -1
0.104473084211 -1
0.110290266573 -1
0.116107448936 -1
0.121924631298 1.73899996281
0.12774181366 1.73000001907
0.133558996022 1.72899997234
0.139376178384 1.73000001907
0.145193360746 1.73500001431
0.151010543108 1.74300003052
0.15682772547 -1
0.162644907832 -1
0.168462090194 -1
0.174279272556 2.1400001049
0.180096454918 -1
0.18591363728 -1
0.191730819643 -1
0.197548002005 -1
0.203365184367 1.74500000477
0.209182366729 1.74100005627
0.214999549091 1.74000000954
0.220816731453 1.73599994183
0.226633913815 1.74500000477
0.232451096177 -1
0.238268278539 -1
0.244085460901 1.77999997139
0.249902643263 1.78999996185
0.255719825625 1.79700005054
0.261537007987 1.79200005531
0.26735419035 1.79799997807
0.273171372712 1.7990000248
0.278988555074 1.79799997807
0.284805737436 1.79600000381
0.290622919798 1.79200005531
0.29644010216 1.79799997807
0.302257284522 1.79700005054
0.308074466884 1.79499995708
0.313891649246 1.7990000248
0.319708831608 1.80099999905
0.32552601397 1.80099999905
0.331343196332 1.80400002003
0.337160378695 1.79400002956
0.342977561057 1.80499994755
0.348794743419 1.80099999905
0.354611925781 1.80400002003
0.360429108143 1.79700005054
0.366246290505 1.80700004101
0.372063472867 1.80900001526
0.377880655229 1.81500005722
0.383697837591 1.81099998951
0.389515019953 1.81299996376
0.395332202315 1.81500005722
0.401149384677 1.81599998474
0.406966567039 1.81299996376
0.412783749402 1.81400001049
0.418600931764 1.82799994946
0.424418114126 1.82299995422
0.430235296488 1.8259999752
0.43605247885 1.82899999619
0.441869661212 1.82500004768
0.447686843574 1.83800005913
0.453504025936 1.85199999809
0.459321208298 1.87000000477
0.46513839066 1.81299996376
0.470955573022 1.79600000381
0.476772755384 1.78499996662
0.482589937747 1.78100001812
0.488407120109 1.78299999237
0.494224302471 1.78100001812
0.500041484833 1.78600001335
0.505858667195 -1
0.511675849557 -1
0.517493031919 2.30800008774
0.523310214281 2.25300002098
0.529127396643 2.20900011063
0.534944579005 2.16300010681
0.540761761367 2.11599993706
0.546578943729 2.07500004768
0.552396126091 2.03900003433
0.558213308454 1.9960000515
0.564030490816 1.96000003815
0.569847673178 1.92599999905
0.57566485554 1.89300000668
0.581482037902 1.88999998569
0.587299220264 1.88699996471
0.593116402626 1.89300000668
0.598933584988 1.89400005341
0.60475076735 1.89600002766
0.610567949712 1.91100001335
0.616385132074 -1
0.622202314436 -1
0.628019496799 -1
0.633836679161 1.64100003242
0.639653861523 1.62699997425
0.645471043885 1.60699999332
0.651288226247 1.57400000095
0.657105408609 1.55999994278
0.662922590971 1.53600001335
0.668739773333 1.51900005341
0.674556955695 1.49100005627
0.680374138057 1.47500002384
0.686191320419 1.45399999619
0.692008502781 1.43499994278
0.697825685143 -1
0.703642867506 -1
0.709460049868 -1
0.71527723223 -1
0.721094414592 1.3029999733
0.726911596954 1.27300000191
0.732728779316 1.29600000381
0.738545961678 -1
0.74436314404 -1
0.750180326402 1.26600003242
0.755997508764 1.26300001144
0.761814691126 1.25600004196
0.767631873488 1.24100005627
0.773449055851 1.23000001907
0.779266238213 1.22200000286
0.785083420575 1.19400000572
0.790900602937 1.20599997044
0.796717785299 1.20200002193
0.802534967661 1.23099994659
0.808352150023 1.2539999485
0.814169332385 1.25
0.819986514747 1.2539999485
0.825803697109 1.26300001144
0.831620879471 1.26300001144
0.837438061833 1.27400004864
0.843255244195 1.27300000191
0.849072426558 1.28100001812
0.85488960892 1.28600001335
0.860706791282 1.29700005054
0.866523973644 1.2990000248
0.872341156006 1.30499994755
0.878158338368 1.30700004101
0.88397552073 1.31299996376
0.889792703092 1.31900000572
0.895609885454 1.32700002193
0.901427067816 1.33200001717
0.907244250178 1.33000004292
0.91306143254 1.3409999609
0.918878614902 1.34899997711
0.924695797265 1.35300004482
0.930512979627 1.36800003052
0.936330161989 1.36699998379
0.942147344351 1.37600004673
0.947964526713 1.38800001144
0.953781709075 1.38800001144
0.959598891437 1.38999998569
0.965416073799 1.39600002766
0.971233256161 1.41799998283
0.977050438523 1.39999997616
0.982867620885 1.40499997139
0.988684803247 1.42900002003
0.99450198561 -1
1.00031916797 -1
1.00613635033 -1
1.0119535327 -1
1.01777071506 -1
1.02358789742 -1
1.02940507978 -1
1.03522226214 1.71300005913
1.04103944451 1.73500001431
1.04685662687 1.76499998569
1.05267380923 1.78600001335
1.05849099159 1.79299998283
1.06430817395 1.76499998569
1.07012535632 -1
1.07594253868 -1
1.08175972104 -1
1.0875769034 -1
1.09339408576 1.52699995041
1.09921126813 -1
1.10502845049 -1
1.11084563285 -1
1.11666281521 -1
1.12247999758 1.71899998188
1.12829717994 -1
1.1341143623 -1
1.13993154466 -1
1.14574872702 -1
1.15156590939 -1
1.15738309175 -1
1.16320027411 -1
1.16901745647 -1
1.17483463883 -1
1.1806518212 1.88499999046
1.18646900356 1.8710000515
1.19228618592 1.86000001431
1.19810336828 1.84899997711
1.20392055064 1.82899999619
1.20973773301 1.82000005245
1.21555491537 1.80700004101
1.22137209773 1.78900003433
1.22718928009 1.76600003242
1.23300646245 1.75499999523
1.23882364482 1.73699998856
1.24464082718 1.71800005436
1.25045800954 1.71099996567
1.2562751919 1.7009999752
1.26209237427 1.70700001717
1.26790955663 1.70500004292
1.27372673899 1.71300005913
1.27954392135 1.7120000124
1.28536110371 1.70899999142
1.29117828608 1.69799995422
1.29699546844 -1
1.3028126508 -1
1.30862983316 1.84500002861
1.31444701552 1.84399998188
1.32026419789 1.83099997044
1.32608138025 1.81099998951
1.33189856261 1.80200004578
1.33771574497 1.78199994564
1.34353292733 1.80799996853
1.3493501097 1.78900003433
1.35516729206 1.77900004387
1.36098447442 1.77199995518
1.36680165678 1.75699996948
1.37261883914 1.73099994659
1.37843602151 1.74199998379
1.38425320387 -1
1.39007038623 -1
1.39588756859 1.71399998665
1.40170475096 1.75600004196
1.40752193332 1.73099994659
1.41333911568 1.71500003338
1.41915629804 1.71099996567
1.4249734804 1.71000003815
1.43079066277 1.71300005913
1.43660784513 1.71800005436
1.44242502749 1.72599995136
1.44824220985 1.73500001431
1.45405939221 1.74899995327
1.45987657458 1.74899995327
1.46569375694 1.75800001621
1.4715109393 1.77400004864
1.47732812166 1.78999996185
1.48314530402 -1
1.48896248639 -1
1.49477966875 -1
1.50059685111 -1
1.50641403347 -1
1.51223121583 2.36899995804
1.5180483982 2.35599994659
1.52386558056 2.35299992561
1.52968276292 2.35100007057
1.53549994528 2.34599995613
1.54131712765 2.34599995613
1.54713431001 2.33100008965
1.55295149237 2.33299994469
1.55876867473 2.33100008965
1.56458585709 2.31699991226
1.57040303946 2.30599999428
1.57622022182 2.31699991226
1.58203740418 2.31100010872
1.58785458654 2.30599999428
1.5936717689 2.29399991035
1.59948895127 2.29200005531
1.60530613363 2.25300002098
1.61112331599 -1
1.61694049835 -1
1.62275768071 2.28900003433
1.62857486308 2.34400010109
1.63439204544 2.39100003242
1.6402092278 2.43899989128
1.64602641016 2.47499990463
1.65184359252 -1
1.65766077489 -1
1.66347795725 3.39899992943
1.66929513961 3.41100001335
1.67511232197 3.42600011826
1.68092950433 3.43300008774
1.6867466867 3.43000006676
1.69256386906 -1
1.69838105142 -1
1.70419823378 2.94099998474
1.71001541615 2.94000005722
1.71583259851 3.00300002098
1.72164978087 -1
1.72746696323 -1
1.73328414559 -1
1.73910132796 -1
1.74491851032 -1
1.75073569268 5.48500013351
1.75655287504 5.48699998856
1.7623700574 5.4889998436
1.76818723977 -1
1.77400442213 -1
1.77982160449 5.88899993896
1.78563878685 5.76300001144
1.79145596921 5.69000005722
1.79727315158 5.66699981689
1.80309033394 5.65799999237
1.8089075163 5.67500019073
1.81472469866 5.70100021362
1.82054188102 5.83300018311
1.82635906339 5.87400007248
1.83217624575 5.88000011444
1.83799342811 5.87400007248
1.84381061047 5.87300014496
1.84962779284 5.87200021744
1.8554449752 5.86800003052
1.86126215756 5.86199998856
1.86707933992 5.76000022888
1.87289652228 5.60599994659
1.87871370465 5.54799985886
1.88453088701 5.52500009537
1.89034806937 5.54699993134
1.89616525173 5.5560002327
1.90198243409 5.55999994278
1.90779961646 5.5689997673
1.91361679882 5.66900014877
1.91943398118 5.71299982071
1.92525116354 5.64499998093
