-1.91990637779 1.26900005341
-1.91408919543 1.25999999046
-1.90827201307 1.24100005627
-1.90245483071 1.25
-1.89663764834 1.25699996948
-1.89082046598 1.27400004864
-1.88500328362 1.28900003433
-1.87918610126 -1
-1.8733689189 -1
-1.86755173653 1.23399996758
-1.86173455417 1.23300004005
-1.85591737181 1.23199999332
-1.85010018945 1.23399996758
-1.84428300709 1.2120000124
-1.83846582472 1.17599999905
-1.83264864236 1.18700003624
-1.82683146 1.21899998188
-1.82101427764 1.22099995613
-1.81519709527 1.22099995613
-1.80937991291 1.21000003815
-1.80356273055 1.22000002861
-1.79774554819 1.21099996567
-1.79192836583 1.21000003815
-1.78611118346 1.20899999142
-1.7802940011 1.21099996567
-1.77447681874 1.21300005913
-1.76865963638 1.25199997425
-1.76284245402 -1
-1.75702527165 -1
-1.75120808929 1.15199995041
-1.74539090693 1.15100002289
-1.73957372457 1.15199995041
-1.73375654221 1.14999997616
-1.72793935984 1.14600002766
-1.72212217748 1.15199995041
-1.71630499512 1.15299999714
-1.71048781276 1.15400004387
-1.7046706304 1.15299999714
-1.69885344803 1.14800000191
-1.69303626567 1.14499998093
-1.68721908331 1.15600001812
-1.68140190095 1.14699995518
-1.67558471859 1.15199995041
-1.66976753622 1.15199995041
-1.66395035386 1.15699994564
-1.6581331715 1.14900004864
-1.65231598914 1.14699995518
-1.64649880677 1.15199995041
-1.64068162441 1.15799999237
-1.63486444205 1.14900004864
-1.62904725969 1.14699995518
-1.62323007733 1.14699995518
-1.61741289496 1.14800000191
-1.6115957126 1.14400005341
-1.60577853024 1.14900004864
-1.59996134788 1.15499997139
-1.59414416552 -1
-1.58832698315 -1
-1.58250980079 -1
-1.57669261843 -1
-1.57087543607 -1
-1.56505825371 -1
-1.55924107134 -1
-1.55342388898 -1
-1.54760670662 -1
-1.54178952426 -1
-1.5359723419 3.82100009918
-1.53015515953 3.8220000267
-1.52433797717 -1
-1.51852079481 -1
-1.51270361245 -1
-1.50688643008 3.81500005722
-1.50106924772 3.81399989128
-1.49525206536 3.81399989128
-1.489434883 3.81399989128
-1.48361770064 3.81699991226
-1.47780051827 3.81299996376
-1.47198333591 3.81299996376
-1.46616615355 3.81299996376
-1.46034897119 3.81299996376
-1.45453178883 3.81399989128
-1.44871460646 3.80200004578
-1.4428974241 3.81399989128
-1.43708024174 3.81500005722
-1.43126305938 -1
-1.42544587702 -1
-1.41962869465 -1
-1.41381151229 -1
-1.40799432993 4.0560002327
-1.40217714757 4.06500005722
-1.39635996521 4.05700016022
-1.39054278284 4.05700016022
-1.38472560048 4.05900001526
-1.37890841812 4.06300020218
-1.37309123576 -1
-1.36727405339 -1
-1.36145687103 -1
-1.35563968867 1.13199996948
-1.34982250631 -1
-1.34400532395 -1
-1.33818814158 -1
-1.33237095922 -1
-1.32655377686 -1
-1.3207365945 -1
-1.31491941214 5.76000022888
-1.30910222977 5.57600021362
-1.30328504741 5.5640001297
-1.29746786505 -1
-1.29165068269 -1
-1.28583350033 -1
-1.28001631796 -1
-1.2741991356 2.5529999733
-1.26838195324 2.5529999733
-1.26256477088 2.5529999733
-1.25674758852 2.5759999752
-1.25093040615 -1
-1.24511322379 -1
-1.23929604143 11.1330003738
-1.23347885907 11.1459999084
-1.2276616767 11.1739997864
-1.22184449434 11.1909999847
-1.21602731198 11.1909999847
-1.21021012962 -1
-1.20439294726 -1
-1.19857576489 1.17599999905
-1.19275858253 -1
-1.18694140017 -1
-1.18112421781 -1
-1.17530703545 3.73699998856
-1.16948985308 3.68600010872
-1.16367267072 3.70199990273
-1.15785548836 3.63899993896
-1.152038306 3.56599998474
-1.14622112364 3.5
-1.14040394127 3.45700001717
-1.13458675891 3.40199995041
-1.12876957655 3.32899999619
-1.12295239419 3.25999999046
-1.11713521183 3.25099992752
-1.11131802946 3.21799993515
-1.1055008471 3.17600011826
-1.09968366474 3.13100004196
-1.09386648238 3.09200000763
-1.08804930001 3.05399990082
-1.08223211765 3.00999999046
-1.07641493529 2.97099995613
-1.07059775293 2.93400001526
-1.06478057057 2.90300011635
-1.0589633882 2.86500000954
-1.05314620584 2.83299994469
-1.04732902348 2.79800009727
-1.04151184112 2.7650001049
-1.03569465876 2.7349998951
-1.02987747639 2.70300006866
-1.02406029403 2.67300009727
-1.01824311167 2.64599990845
-1.01242592931 2.61599993706
-1.00660874695 2.58500003815
-1.00079156458 2.56200003624
-0.994974382222 2.53500008583
-0.98915719986 2.54299998283
-0.983340017498 2.53900003433
-0.977522835135 2.55399990082
-0.971705652773 2.56699991226
-0.965888470411 2.57800006866
-0.960071288049 2.58100008965
-0.954254105687 2.59800004959
-0.948436923325 2.59800004959
-0.942619740963 2.51999998093
-0.936802558601 2.49000000954
-0.930985376239 -1
-0.925168193877 -1
-0.919351011515 2.43099999428
-0.913533829153 2.41100001335
-0.907716646791 2.35500001907
-0.901899464428 2.36100006104
-0.896082282066 2.35100007057
-0.890265099704 -1
-0.884447917342 -1
-0.87863073498 2.29800009727
-0.872813552618 -1
-0.866996370256 -1
-0.861179187894 1.99699997902
-0.855362005532 1.99800002575
-0.84954482317 1.99800002575
-0.843727640808 2.00699996948
-0.837910458446 2.01099991798
-0.832093276083 1.95200002193
-0.826276093721 1.90699994564
-0.820458911359 1.88800001144
-0.814641728997 1.89400005341
-0.808824546635 1.89400005341
-0.803007364273 1.90600001812
-0.797190181911 1.91400003433
-0.791372999549 1.9240000248
-0.785555817187 1.93700003624
-0.779738634825 1.9470000267
-0.773921452463 1.95000004768
-0.768104270101 2.0039999485
-0.762287087739 2.00999999046
-0.756469905376 2.01200008392
-0.750652723014 1.99100005627
-0.744835540652 1.97800004482
-0.73901835829 1.96500003338
-0.733201175928 1.95799994469
-0.727383993566 1.94299995899
-0.721566811204 1.93799996376
-0.715749628842 1.92499995232
-0.70993244648 1.90799999237
-0.704115264118 1.90299999714
-0.698298081756 1.89100003242
-0.692480899394 1.88399994373
-0.686663717031 1.87600004673
-0.680846534669 1.86800003052
-0.675029352307 1.85000002384
-0.669212169945 1.83800005913
-0.663394987583 1.82899999619
-0.657577805221 1.82500004768
-0.651760622859 1.81500005722
-0.645943440497 1.81700003147
-0.640126258135 1.80499994755
-0.634309075773 1.78900003433
-0.628491893411 1.78199994564
-0.622674711049 1.77199995518
-0.616857528687 1.77100002766
-0.611040346324 1.76199996471
-0.605223163962 1.75199997425
-0.5994059816 1.74800002575
-0.593588799238 1.74000000954
-0.587771616876 1.73500001431
-0.581954434514 1.72599995136
-0.576137252152 1.71899998188
-0.57032006979 1.70799994469
-0.564502887428 1.69799995422
-0.558685705066 1.69200003147
-0.552868522704 1.69400000572
-0.547051340342 1.6779999733
-0.541234157979 1.67599999905
-0.535416975617 1.66400003433
-0.529599793255 1.6629999876
-0.523782610893 1.65400004387
-0.517965428531 1.64999997616
-0.512148246169 1.64999997616
-0.506331063807 1.64100003242
-0.500513881445 1.63800001144
-0.494696699083 1.6289999485
-0.488879516721 1.62000000477
-0.483062334359 1.61800003052
-0.477245151997 1.61600005627
-0.471427969635 1.60699999332
-0.465610787272 1.59599995613
-0.45979360491 1.60000002384
-0.453976422548 1.59899997711
-0.448159240186 -1
-0.442342057824 -1
-0.436524875462 -1
-0.4307076931 0.568000018597
-0.424890510738 0.566999971867
-0.419073328376 0.568000018597
-0.413256146014 -1
-0.407438963652 -1
-0.40162178129 -1
-0.395804598927 0.583000004292
-0.389987416565 0.57800000906
-0.384170234203 0.56099998951
-0.378353051841 0.565999984741
-0.372535869479 0.569000005722
-0.366718687117 -1
-0.360901504755 -1
-0.355084322393 -1
-0.349267140031 1.57000005245
-0.343449957669 1.60300004482
-0.337632775307 1.6289999485
-0.331815592945 1.65699994564
-0.325998410583 1.68400001526
-0.32018122822 1.70799994469
-0.314364045858 1.72800004482
-0.308546863496 1.74899995327
-0.302729681134 -1
-0.296912498772 -1
-0.29109531641 1.55200004578
-0.285278134048 1.54499995708
-0.279460951686 1.5490000248
-0.273643769324 1.56299996376
-0.267826586962 1.53499996662
-0.2620094046 1.53600001335
-0.256192222238 1.58599996567
-0.250375039876 1.58399999142
-0.244557857513 1.6210000515
-0.238740675151 1.58299994469
-0.232923492789 1.55499994755
-0.227106310427 1.55799996853
-0.221289128065 1.55799996853
-0.215471945703 1.55400002003
-0.209654763341 1.55400002003
-0.203837580979 1.54400002956
-0.198020398617 1.53199994564
-0.192203216255 1.51600003242
-0.186386033893 1.51600003242
-0.180568851531 1.52100002766
-0.174751669168 1.52199995518
-0.168934486806 1.51100003719
-0.163117304444 1.50300002098
-0.157300122082 1.49899995327
-0.15148293972 -1
-0.145665757358 -1
-0.139848574996 1.60000002384
-0.134031392634 1.63900005817
-0.128214210272 -1
-0.12239702791 -1
-0.116579845548 -1
-0.110762663186 -1
-0.104945480824 -1
-0.0991282984614 3.82500004768
-0.0933111160994 3.81900000572
-0.0874939337373 3.82100009918
-0.0816767513752 3.8180000782
-0.0758595690131 3.80900001526
-0.070042386651 3.80999994278
-0.064225204289 3.80599999428
-0.0584080219269 3.80100011826
-0.0525908395648 3.80200004578
-0.0467736572027 -1
-0.0409564748406 -1
-0.0351392924786 -1
-0.0293221101165 2.64199995995
-0.0235049277544 2.63000011444
-0.0176877453923 2.61800003052
-0.0118705630302 2.61800003052
-0.00605338066816 2.60199999809
-0.000236198306084 2.59500002861
0.005580984056 -1
0.0113981664181 -1
0.0172153487802 3.78099989891
0.0230325311422 3.78699994087
0.0288497135043 3.78500008583
0.0346668958664 3.78200006485
0.0404840782285 3.78999996185
0.0463012605906 3.77399992943
0.0521184429526 3.78200006485
0.0579356253147 3.78699994087
0.0637528076768 3.77500009537
0.0695699900389 3.78900003433
0.075387172401 3.77900004387
0.081204354763 3.77500009537
0.0870215371251 3.78500008583
0.0928387194872 3.78399991989
0.0986559018493 3.78600001335
0.104473084211 3.78800010681
0.110290266573 3.79099988937
0.116107448936 3.78999996185
0.121924631298 -1
0.12774181366 -1
0.133558996022 -1
0.139376178384 1.70599997044
0.145193360746 1.70000004768
0.151010543108 1.70899999142
0.15682772547 1.70799994469
0.162644907832 -1
0.168462090194 -1
0.174279272556 -1
0.180096454918 -1
0.18591363728 4.97100019455
0.191730819643 4.97700023651
0.197548002005 -1
0.203365184367 -1
0.209182366729 -1
0.214999549091 -1
0.220816731453 2.83899998665
0.226633913815 2.84200000763
0.232451096177 2.83899998665
0.238268278539 2.83899998665
0.244085460901 2.83400011063
0.249902643263 2.83699989319
0.255719825625 2.83400011063
0.261537007987 2.83400011063
0.26735419035 2.84200000763
0.273171372712 2.86199998856
0.278988555074 -1
0.284805737436 -1
0.290622919798 4.00899982452
0.29644010216 4.01499986649
0.302257284522 4.01999998093
0.308074466884 -1
0.313891649246 -1
0.319708831608 3.9240000248
0.32552601397 4.03999996185
0.331343196332 4.05000019073
0.337160378695 4.0529999733
0.342977561057 4.06599998474
0.348794743419 4.06799983978
0.354611925781 4.07499980927
0.360429108143 4.0529999733
0.366246290505 4.09399986267
0.372063472867 -1
0.377880655229 -1
0.383697837591 1.66499996185
0.389515019953 1.67599999905
0.395332202315 1.625
0.401149384677 -1
0.406966567039 -1
0.412783749402 2.09400010109
0.418600931764 2.05999994278
0.424418114126 2.02999997139
0.430235296488 2.00900006294
0.43605247885 2.00999999046
0.441869661212 2.01399993896
0.447686843574 2.01799988747
0.453504025936 2.01999998093
0.459321208298 2.02699995041
0.46513839066 2.02999997139
0.470955573022 2.03600001335
0.476772755384 2.04200005531
0.482589937747 2.04999995232
0.488407120109 2.05399990082
0.494224302471 2.05599999428
0.500041484833 2.06500005722
0.505858667195 2.07100009918
0.511675849557 2.07399988174
0.517493031919 2.08299994469
0.523310214281 2.08299994469
0.529127396643 2.08800005913
0.534944579005 2.09400010109
0.540761761367 2.09999990463
0.546578943729 2.10800004005
0.552396126091 2.1099998951
0.558213308454 2.11599993706
0.564030490816 2.11199998856
0.569847673178 2.12199997902
0.57566485554 2.13599991798
0.581482037902 2.13499999046
0.587299220264 -1
0.593116402626 -1
0.598933584988 1.63399994373
0.60475076735 -1
0.610567949712 -1
0.616385132074 -1
0.622202314436 2.25900006294
0.628019496799 2.19099998474
0.633836679161 2.14499998093
0.639653861523 2.1400001049
0.645471043885 2.13899993896
0.651288226247 2.09899997711
0.657105408609 2.10299992561
0.662922590971 2.05900001526
0.668739773333 2.04699993134
0.674556955695 2.03099989891
0.680374138057 2.007999897
0.686191320419 1.99500000477
0.692008502781 1.99199998379
0.697825685143 1.97399997711
0.703642867506 1.95799994469
0.709460049868 1.94099998474
0.71527723223 1.92299997807
0.721094414592 1.90699994564
0.726911596954 1.89699995518
0.732728779316 1.88900005817
0.738545961678 1.86899995804
0.74436314404 1.84800004959
0.750180326402 1.84700000286
0.755997508764 1.83200001717
0.761814691126 1.81400001049
0.767631873488 1.80900001526
0.773449055851 1.79600000381
0.779266238213 1.78299999237
0.785083420575 -1
0.790900602937 -1
0.796717785299 -1
0.802534967661 -1
0.808352150023 -1
0.814169332385 -1
0.819986514747 -1
0.825803697109 -1
0.831620879471 -1
0.837438061833 -1
0.843255244195 -1
0.849072426558 -1
0.85488960892 1.58800005913
0.860706791282 -1
0.866523973644 -1
0.872341156006 -1
0.878158338368 -1
0.88397552073 -1
0.889792703092 0.00200000009499
0.895609885454 0.00200000009499
0.901427067816 0.00200000009499
0.907244250178 0.00200000009499
0.91306143254 0.00200000009499
0.918878614902 0.00200000009499
0.924695797265 0.00200000009499
0.930512979627 -1
0.936330161989 -1
0.942147344351 1.47899997234
0.947964526713 1.49800002575
0.953781709075 1.49800002575
0.959598891437 1.50100004673
0.965416073799 1.52600002289
0.971233256161 1.53900003433
0.977050438523 1.55499994755
0.982867620885 1.56200003624
0.988684803247 1.58200001717
0.99450198561 1.59000003338
1.00031916797 1.60699999332
1.00613635033 1.6210000515
1.0119535327 1.63399994373
1.01777071506 1.64900004864
1.02358789742 1.66199994087
1.02940507978 1.68900001049
1.03522226214 1.69799995422
1.04103944451 1.71899998188
1.04685662687 1.73500001431
1.05267380923 -1
1.05849099159 -1
1.06430817395 -1
1.07012535632 1.10300004482
1.07594253868 1.10599994659
1.08175972104 -1
1.0875769034 -1
1.09339408576 1.82700002193
1.09921126813 1.81799995899
1.10502845049 1.80499994755
1.11084563285 1.7990000248
1.11666281521 1.79299998283
1.12247999758 1.79299998283
1.12829717994 1.78499996662
1.1341143623 1.77799999714
1.13993154466 1.77199995518
1.14574872702 1.77499997616
1.15156590939 1.76499998569
1.15738309175 1.75199997425
1.16320027411 1.74100005627
1.16901745647 1.74399995804
1.17483463883 1.73500001431
1.1806518212 1.73899996281
1.18646900356 1.73099994659
1.19228618592 -1
1.19810336828 -1
1.20392055064 -1
1.20973773301 -1
1.21555491537 -1
1.22137209773 1.70299994946
1.22718928009 1.7009999752
1.23300646245 1.70000004768
1.23882364482 1.69599997997
1.24464082718 1.69400000572
1.25045800954 1.69000005722
1.2562751919 1.6779999733
1.26209237427 1.67200005054
1.26790955663 1.6740000248
1.27372673899 1.66999995708
1.27954392135 1.67200005054
1.28536110371 1.65799999237
1.29117828608 1.65199995041
1.29699546844 1.65199995041
1.3028126508 1.65400004387
1.30862983316 1.65499997139
1.31444701552 1.64499998093
1.32026419789 1.65100002289
1.32608138025 1.63499999046
1.33189856261 1.63600003719
1.33771574497 1.63399994373
1.34353292733 1.62600004673
1.3493501097 1.63800001144
1.35516729206 1.625
1.36098447442 1.625
1.36680165678 1.61500000954
1.37261883914 1.61600005627
1.37843602151 1.61800003052
1.38425320387 1.60800004005
1.39007038623 1.61300003529
1.39588756859 1.61300003529
1.40170475096 1.60800004005
1.40752193332 1.60599994659
1.41333911568 1.60199999809
1.41915629804 1.59300005436
1.4249734804 1.59300005436
1.43079066277 1.60300004482
1.43660784513 1.59399998188
1.44242502749 1.59300005436
1.44824220985 1.58899998665
1.45405939221 1.5870000124
1.45987657458 1.58099997044
1.46569375694 1.58800005913
1.4715109393 1.59000003338
1.47732812166 1.58099997044
1.48314530402 1.58599996567
1.48896248639 1.57899999619
1.49477966875 1.58000004292
1.50059685111 1.57400000095
1.50641403347 1.58800005913
1.51223121583 1.57400000095
1.5180483982 1.57500004768
1.52386558056 1.56799995899
1.52968276292 1.56299996376
1.53549994528 1.57500004768
1.54131712765 1.57299995422
1.54713431001 1.5720000267
1.55295149237 1.57299995422
1.55876867473 1.56599998474
1.56458585709 1.57000005245
1.57040303946 1.56900000572
1.57622022182 1.56799995899
1.58203740418 1.56500005722
1.58785458654 1.56700003147
1.5936717689 -1
1.59948895127 -1
1.60530613363 -1
1.61112331599 0.628000020981
1.61694049835 0.621999979019
1.62275768071 0.629999995232
1.62857486308 0.628000020981
1.63439204544 -1
1.6402092278 -1
1.64602641016 -1
1.65184359252 1.57000005245
1.65766077489 1.56900000572
1.66347795725 1.56400001049
1.66929513961 1.56799995899
1.67511232197 1.57000005245
1.68092950433 1.5720000267
1.6867466867 1.56599998474
1.69256386906 1.57299995422
1.69838105142 1.56200003624
1.70419823378 1.5720000267
1.71001541615 1.5720000267
1.71583259851 1.5720000267
1.72164978087 1.57000005245
1.72746696323 1.5759999752
1.73328414559 1.57299995422
1.73910132796 1.57400000095
1.74491851032 1.58000004292
1.75073569268 1.58099997044
1.75655287504 1.57700002193
1.7623700574 1.58000004292
1.76818723977 1.5909999609
1.77400442213 1.59200000763
1.77982160449 1.58399999142
1.78563878685 1.58599996567
1.79145596921 1.58099997044
1.79727315158 1.5870000124
1.80309033394 1.59500002861
1.8089075163 1.5909999609
1.81472469866 1.60099995136
1.82054188102 1.59000003338
1.82635906339 1.60000002384
1.83217624575 1.60199999809
1.83799342811 -1
1.84381061047 -1
1.84962779284 0.902999997139
1.8554449752 0.907999992371
1.86126215756 -1
1.86707933992 -1
1.87289652228 -1
1.87871370465 1.60699999332
1.88453088701 1.61699998379
1.89034806937 1.61899995804
1.89616525173 1.63199996948
1.90198243409 1.62300002575
1.90779961646 1.63100004196
1.91361679882 1.625
1.91943398118 1.63600003719
1.92525116354 1.63900005817
