-1.91990637779 1.64800000191
-1.91408919543 1.65100002289
-1.90827201307 1.6740000248
-1.90245483071 1.69400000572
-1.89663764834 1.7159999609
-1.89082046598 1.72899997234
-1.88500328362 1.75699996948
-1.87918610126 1.77300000191
-1.8733689189 -1
-1.86755173653 -1
-1.86173455417 -1
-1.85591737181 -1
-1.85010018945 -1
-1.84428300709 -1
-1.83846582472 -1
-1.83264864236 -1
-1.82683146 2.9849998951
-1.82101427764 2.98699998856
-1.81519709527 2.96700000763
-1.80937991291 2.95499992371
-1.80356273055 -1
-1.79774554819 -1
-1.79192836583 -1
-1.78611118346 4.90500020981
-1.7802940011 4.95599985123
-1.77447681874 -1
-1.76865963638 -1
-1.76284245402 -1
-1.75702527165 0.722999989986
-1.75120808929 0.716000020504
-1.74539090693 0.72000002861
-1.73957372457 0.71899998188
-1.73375654221 0.721000015736
-1.72793935984 -1
-1.72212217748 -1
-1.71630499512 -1
-1.71048781276 -1
-1.7046706304 -1
-1.69885344803 9.70300006866
-1.69303626567 9.66800022125
-1.68721908331 -1
-1.68140190095 -1
-1.67558471859 -1
-1.66976753622 5.64200019836
-1.66395035386 5.52899980545
-1.6581331715 5.51000022888
-1.65231598914 5.53399991989
-1.64649880677 5.47599983215
-1.64068162441 5.47100019455
-1.63486444205 5.51499986649
-1.62904725969 5.4889998436
-1.62323007733 5.46299982071
-1.61741289496 5.507999897
-1.6115957126 5.42500019073
-1.60577853024 5.3140001297
-1.59996134788 5.30700016022
-1.59414416552 5.31199979782
-1.58832698315 5.31599998474
-1.58250980079 5.31599998474
-1.57669261843 5.32299995422
-1.57087543607 5.31300020218
-1.56505825371 5.31199979782
-1.55924107134 5.31699991226
-1.55342388898 5.31799983978
-1.54760670662 5.32000017166
-1.54178952426 5.31300020218
-1.5359723419 5.23400020599
-1.53015515953 5.17199993134
-1.52433797717 5.08099985123
-1.51852079481 -1
-1.51270361245 -1
-1.50688643008 -1
-1.50106924772 -1
-1.49525206536 4.17199993134
-1.489434883 4.27600002289
-1.48361770064 -1
-1.47780051827 -1
-1.47198333591 -1
-1.46616615355 -1
-1.46034897119 -1
-1.45453178883 -1
-1.44871460646 4.96799993515
-1.4428974241 4.92299985886
-1.43708024174 4.89300012589
-1.43126305938 4.89599990845
-1.42544587702 4.91099977493
-1.41962869465 4.89499998093
-1.41381151229 4.89099979401
-1.40799432993 4.92399978638
-1.40217714757 5.02299976349
-1.39635996521 4.97900009155
-1.39054278284 5.01200008392
-1.38472560048 -1
-1.37890841812 -1
-1.37309123576 -1
-1.36727405339 -1
-1.36145687103 -1
-1.35563968867 6.54699993134
-1.34982250631 6.54799985886
-1.34400532395 -1
-1.33818814158 -1
-1.33237095922 9.91699981689
-1.32655377686 9.91300010681
-1.3207365945 9.91100025177
-1.31491941214 -1
-1.30910222977 -1
-1.30328504741 -1
-1.29746786505 -1
-1.29165068269 -1
-1.28583350033 -1
-1.28001631796 -1
-1.2741991356 -1
-1.26838195324 9.92099952698
-1.26256477088 9.92000007629
-1.25674758852 9.92500019073
-1.25093040615 9.92700004578
-1.24511322379 9.93000030518
-1.23929604143 9.93099975586
-1.23347885907 -1
-1.2276616767 -1
-1.22184449434 1.99500000477
-1.21602731198 1.99000000954
-1.21021012962 2.02699995041
-1.20439294726 2.03399991989
-1.19857576489 2.04500007629
-1.19275858253 2.04800009727
-1.18694140017 -1
-1.18112421781 -1
-1.17530703545 3.96499991417
-1.16948985308 3.96000003815
-1.16367267072 3.95199990273
-1.15785548836 3.9509999752
-1.152038306 3.94099998474
-1.14622112364 3.93799996376
-1.14040394127 3.93799996376
-1.13458675891 3.9279999733
-1.12876957655 3.92300009727
-1.12295239419 3.91799998283
-1.11713521183 3.91700005531
-1.11131802946 3.91100001335
-1.1055008471 -1
-1.09968366474 -1
-1.09386648238 3.23099994659
-1.08804930001 3.22900009155
-1.08223211765 -1
-1.07641493529 -1
-1.07059775293 1.59000003338
-1.06478057057 1.57700002193
-1.0589633882 1.56500005722
-1.05314620584 1.56900000572
-1.04732902348 1.57099997997
-1.04151184112 1.58500003815
-1.03569465876 1.59899997711
-1.02987747639 -1
-1.02406029403 -1
-1.01824311167 -1
-1.01242592931 1.99500000477
-1.00660874695 1.99000000954
-1.00079156458 1.98699998856
-0.994974382222 1.98500001431
-0.98915719986 1.98399996758
-0.983340017498 1.97800004482
-0.977522835135 1.97300004959
-0.971705652773 1.97099995613
-0.965888470411 1.9659999609
-0.960071288049 1.97099995613
-0.954254105687 -1
-0.948436923325 -1
-0.942619740963 -1
-0.936802558601 1.19400000572
-0.930985376239 1.18599998951
-0.925168193877 1.18900001049
-0.919351011515 1.19599997997
-0.913533829153 -1
-0.907716646791 -1
-0.901899464428 -1
-0.896082282066 1.94500005245
-0.890265099704 1.94599997997
-0.884447917342 1.93400001526
-0.87863073498 1.93900001049
-0.872813552618 1.94000005722
-0.866996370256 1.93200004101
-0.861179187894 1.94299995899
-0.855362005532 1.94000005722
-0.84954482317 1.93599998951
-0.843727640808 1.94299995899
-0.837910458446 -1
-0.832093276083 -1
-0.826276093721 1.53900003433
-0.820458911359 1.53499996662
-0.814641728997 -1
-0.808824546635 -1
-0.803007364273 3.02200007439
-0.797190181911 -1
-0.791372999549 -1
-0.785555817187 -1
-0.779738634825 -1
-0.773921452463 1.46899998188
-0.768104270101 -1
-0.762287087739 -1
-0.756469905376 3.27399992943
-0.750652723014 3.26799988747
-0.744835540652 3.28200006485
-0.73901835829 3.29699993134
-0.733201175928 3.30200004578
-0.727383993566 3.3180000782
-0.721566811204 3.32299995422
-0.715749628842 3.34299993515
-0.70993244648 3.34400010109
-0.704115264118 -1
-0.698298081756 -1
-0.692480899394 -1
-0.686663717031 2.96300005913
-0.680846534669 2.92300009727
-0.675029352307 2.95199990273
-0.669212169945 2.93099999428
-0.663394987583 2.88700008392
-0.657577805221 -1
-0.651760622859 -1
-0.645943440497 2.69600009918
-0.640126258135 2.69099998474
-0.634309075773 -1
-0.628491893411 -1
-0.622674711049 2.90100002289
-0.616857528687 2.90400004387
-0.611040346324 2.90400004387
-0.605223163962 2.91599988937
-0.5994059816 2.93499994278
-0.593588799238 2.96799993515
-0.587771616876 -1
-0.581954434514 -1
-0.576137252152 -1
-0.57032006979 -1
-0.564502887428 -1
-0.558685705066 6.80800008774
-0.552868522704 6.76200008392
-0.547051340342 6.71999979019
-0.541234157979 6.79600000381
-0.535416975617 6.74900007248
-0.529599793255 6.71400022507
-0.523782610893 6.75199985504
-0.517965428531 6.80800008774
-0.512148246169 6.86800003052
-0.506331063807 6.91099977493
-0.500513881445 -1
-0.494696699083 -1
-0.488879516721 -1
-0.483062334359 -1
-0.477245151997 5.74399995804
-0.471427969635 5.6859998703
-0.465610787272 5.65500020981
-0.45979360491 5.65899991989
-0.453976422548 5.66200017929
-0.448159240186 5.62900018692
-0.442342057824 5.60400009155
-0.436524875462 5.63399982452
-0.4307076931 5.51399993896
-0.424890510738 5.50600004196
-0.419073328376 5.42700004578
-0.413256146014 5.47900009155
-0.407438963652 -1
-0.40162178129 -1
-0.395804598927 -1
-0.389987416565 -1
-0.384170234203 -1
-0.378353051841 3.22699999809
-0.372535869479 -1
-0.366718687117 -1
-0.360901504755 -1
-0.355084322393 2.16300010681
-0.349267140031 2.16199994087
-0.343449957669 2.15000009537
-0.337632775307 2.14499998093
-0.331815592945 2.1400001049
-0.325998410583 2.13400006294
-0.32018122822 2.12299990654
-0.314364045858 2.10400009155
-0.308546863496 2.10599994659
-0.302729681134 2.09699988365
-0.296912498772 2.09200000763
-0.29109531641 2.08100008965
-0.285278134048 2.07500004768
-0.279460951686 2.06999993324
-0.273643769324 2.0529999733
-0.267826586962 2.05599999428
-0.2620094046 2.04800009727
-0.256192222238 2.04099988937
-0.250375039876 2.03099989891
-0.244557857513 2.02399992943
-0.238740675151 2.01300001144
-0.232923492789 2.00699996948
-0.227106310427 2.0
-0.221289128065 1.99000000954
-0.215471945703 1.98899996281
-0.209654763341 1.9960000515
-0.203837580979 2.02099990845
-0.198020398617 2.04800009727
-0.192203216255 2.06500005722
-0.186386033893 2.09400010109
-0.180568851531 2.12299990654
-0.174751669168 2.14199995995
-0.168934486806 2.17300009727
-0.163117304444 2.20000004768
-0.157300122082 2.23099994659
-0.15148293972 -1
-0.145665757358 -1
-0.139848574996 -1
-0.134031392634 1.86099994183
-0.128214210272 1.85899996758
-0.12239702791 1.85899996758
-0.116579845548 1.86199998856
-0.110762663186 1.87199997902
-0.104945480824 1.89300000668
-0.0991282984614 1.90999996662
-0.0933111160994 1.88600003719
-0.0874939337373 1.90199995041
-0.0816767513752 1.89300000668
-0.0758595690131 1.88499999046
-0.070042386651 1.88800001144
-0.064225204289 1.88399994373
-0.0584080219269 1.88600003719
-0.0525908395648 1.88199996948
-0.0467736572027 1.87699997425
-0.0409564748406 1.8710000515
-0.0351392924786 1.86600005627
-0.0293221101165 1.86199998856
-0.0235049277544 1.85699999332
-0.0176877453923 1.84899997711
-0.0118705630302 1.84800004959
-0.00605338066816 1.8409999609
-0.000236198306084 1.85899996758
0.005580984056 1.84700000286
0.0113981664181 1.84200000763
0.0172153487802 1.82700002193
0.0230325311422 1.83500003815
0.0288497135043 1.83099997044
0.0346668958664 1.83399999142
0.0404840782285 1.8259999752
0.0463012605906 1.83099997044
0.0521184429526 1.83500003815
0.0579356253147 1.8220000267
0.0637528076768 1.81200003624
0.0695699900389 1.81400001049
0.075387172401 1.81299996376
0.081204354763 1.80700004101
0.0870215371251 1.80400002003
0.0928387194872 1.81099998951
0.0986559018493 -1
0.104473084211 -1
0.110290266573 -1
0.116107448936 -1
0.121924631298 1.73500001431
0.12774181366 1.73399996758
0.133558996022 1.72899997234
0.139376178384 1.73099994659
0.145193360746 1.73399996758
0.151010543108 1.73800003529
0.15682772547 -1
0.162644907832 -1
0.168462090194 -1
0.174279272556 2.14400005341
0.180096454918 -1
0.18591363728 -1
0.191730819643 -1
0.197548002005 -1
0.203365184367 1.74500000477
0.209182366729 1.73800003529
0.214999549091 1.74000000954
0.220816731453 1.73899996281
0.226633913815 1.7460000515
0.232451096177 1.75800001621
0.238268278539 1.81700003147
0.244085460901 1.78600001335
0.249902643263 1.79200005531
0.255719825625 1.7990000248
0.261537007987 1.79700005054
0.26735419035 1.79299998283
0.273171372712 1.79999995232
0.278988555074 1.79999995232
0.284805737436 1.80099999905
0.290622919798 1.79100000858
0.29644010216 1.8029999733
0.302257284522 1.80499994755
0.308074466884 1.8029999733
0.313891649246 1.80900001526
0.319708831608 1.80200004578
0.32552601397 1.80400002003
0.331343196332 1.8029999733
0.337160378695 1.79799997807
0.342977561057 1.80200004578
0.348794743419 1.80900001526
0.354611925781 1.80700004101
0.360429108143 1.80700004101
0.366246290505 1.81099998951
0.372063472867 1.81099998951
0.377880655229 1.80900001526
0.383697837591 1.80400002003
0.389515019953 1.81099998951
0.395332202315 1.81299996376
0.401149384677 1.8220000267
0.406966567039 1.81299996376
0.412783749402 1.8220000267
0.418600931764 1.8220000267
0.424418114126 1.82000005245
0.430235296488 1.82899999619
0.43605247885 1.82799994946
0.441869661212 1.81799995899
0.447686843574 1.82700002193
0.453504025936 1.85199999809
0.459321208298 1.86699998379
0.46513839066 1.81500005722
0.470955573022 1.79400002956
0.476772755384 1.78600001335
0.482589937747 1.7840000391
0.488407120109 1.77900004387
0.494224302471 1.78100001812
0.500041484833 1.7840000391
0.505858667195 -1
0.511675849557 -1
0.517493031919 2.3069999218
0.523310214281 2.25900006294
0.529127396643 2.20700001717
0.534944579005 2.16700005531
0.540761761367 2.1210000515
0.546578943729 2.0759999752
0.552396126091 2.03800010681
0.558213308454 1.9960000515
0.564030490816 1.96099996567
0.569847673178 1.92599999905
0.57566485554 1.88199996948
0.581482037902 1.88800001144
0.587299220264 1.89300000668
0.593116402626 1.89600002766
0.598933584988 1.89199995995
0.60475076735 1.89800000191
0.610567949712 1.89999997616
0.616385132074 -1
0.622202314436 -1
0.628019496799 -1
0.633836679161 1.63999998569
0.639653861523 1.62399995327
0.645471043885 1.59700000286
0.651288226247 1.58000004292
0.657105408609 1.56299996376
0.662922590971 1.53299999237
0.668739773333 1.50899994373
0.674556955695 1.4960000515
0.680374138057 1.47899997234
0.686191320419 1.44799995422
0.692008502781 1.43700003624
0.697825685143 -1
0.703642867506 -1
0.709460049868 -1
0.71527723223 -1
0.721094414592 1.3029999733
0.726911596954 1.27100002766
0.732728779316 1.29700005054
0.738545961678 1.29600000381
0.74436314404 1.26300001144
0.750180326402 1.26499998569
0.755997508764 1.26699995995
0.761814691126 1.25300002098
0.767631873488 1.23500001431
0.773449055851 1.23099994659
0.779266238213 1.21899998188
0.785083420575 1.18599998951
0.790900602937 1.20399999619
0.796717785299 1.19900000095
0.802534967661 1.23300004005
0.808352150023 1.25100004673
0.814169332385 1.24800002575
0.819986514747 1.24699997902
0.825803697109 1.27199995518
0.831620879471 1.27100002766
0.837438061833 1.26900005341
0.843255244195 1.28499996662
0.849072426558 1.28499996662
0.85488960892 1.28499996662
0.860706791282 1.29299998283
0.866523973644 1.30400002003
0.872341156006 1.31500005722
0.878158338368 1.31200003624
0.88397552073 1.32000005245
0.889792703092 1.31799995899
0.895609885454 1.33000004292
0.901427067816 1.33099997044
0.907244250178 1.33899998665
0.91306143254 1.34000003338
0.918878614902 1.34700000286
0.924695797265 1.36099994183
0.930512979627 1.36800003052
0.936330161989 1.37300002575
0.942147344351 1.37399995327
0.947964526713 1.38499999046
0.953781709075 1.39400005341
0.959598891437 1.38800001144
0.965416073799 1.40299999714
0.971233256161 1.4090000391
0.977050438523 1.40999996662
0.982867620885 1.39900004864
0.988684803247 1.42100000381
0.99450198561 1.42299997807
1.00031916797 1.39100003242
1.00613635033 -1
1.0119535327 -1
1.01777071506 -1
1.02358789742 -1
1.02940507978 -1
1.03522226214 1.71399998665
1.04103944451 1.73800003529
1.04685662687 1.76800000668
1.05267380923 1.77999997139
1.05849099159 1.7879999876
1.06430817395 -1
1.07012535632 -1
1.07594253868 1.85599994659
1.08175972104 -1
1.0875769034 -1
1.09339408576 1.52499997616
1.09921126813 -1
1.10502845049 -1
1.11084563285 -1
1.11666281521 -1
1.12247999758 1.71899998188
1.12829717994 -1
1.1341143623 -1
1.13993154466 -1
1.14574872702 -1
1.15156590939 -1
1.15738309175 -1
1.16320027411 -1
1.16901745647 -1
1.17483463883 -1
1.1806518212 1.88300001621
1.18646900356 1.87199997902
1.19228618592 1.86000001431
1.19810336828 1.85000002384
1.20392055064 1.83099997044
1.20973773301 1.82099997997
1.21555491537 1.80599999428
1.22137209773 1.78900003433
1.22718928009 1.76800000668
1.23300646245 1.75100004673
1.23882364482 1.73500001431
1.24464082718 1.71700000763
1.25045800954 1.70899999142
1.2562751919 1.70399999619
1.26209237427 1.70000004768
1.26790955663 1.70799994469
1.27372673899 1.7159999609
1.27954392135 1.7159999609
1.28536110371 1.70500004292
1.29117828608 1.69500005245
1.29699546844 -1
1.3028126508 -1
1.30862983316 1.84399998188
1.31444701552 1.84300005436
1.32026419789 1.83200001717
1.32608138025 1.80799996853
1.33189856261 1.7990000248
1.33771574497 1.78199994564
1.34353292733 1.80799996853
1.3493501097 1.79700005054
1.35516729206 1.77199995518
1.36098447442 1.77600002289
1.36680165678 1.75699996948
1.37261883914 1.72800004482
1.37843602151 1.75100004673
1.38425320387 1.74000000954
1.39007038623 1.69099998474
1.39588756859 1.7159999609
1.40170475096 1.7539999485
1.40752193332 1.72800004482
1.41333911568 1.72000002861
1.41915629804 1.71300005913
1.4249734804 1.70899999142
1.43079066277 1.71700000763
1.43660784513 1.72300004959
1.44242502749 1.72800004482
1.44824220985 1.73699998856
1.45405939221 1.74800002575
1.45987657458 1.74800002575
1.46569375694 1.76100003719
1.4715109393 1.77799999714
1.47732812166 1.79100000858
1.48314530402 -1
1.48896248639 -1
1.49477966875 -1
1.50059685111 -1
1.50641403347 -1
1.51223121583 2.36500000954
1.5180483982 2.35199999809
1.52386558056 2.35299992561
1.52968276292 2.34899997711
1.53549994528 2.33899998665
1.54131712765 2.33699989319
1.54713431001 2.33800005913
1.55295149237 2.33299994469
1.55876867473 2.31699991226
1.56458585709 2.31299996376
1.57040303946 2.32100009918
1.57622022182 2.30800008774
1.58203740418 2.30100011826
1.58785458654 2.30200004578
1.5936717689 2.29600000381
1.59948895127 2.29399991035
1.60530613363 2.26099991798
1.61112331599 -1
1.61694049835 -1
1.62275768071 2.28600001335
1.62857486308 2.34200000763
1.63439204544 2.3900001049
1.6402092278 2.43600010872
1.64602641016 2.48099994659
1.65184359252 -1
1.65766077489 -1
1.66347795725 3.39700007439
1.66929513961 3.41400003433
1.67511232197 3.43000006676
1.68092950433 3.43300008774
1.6867466867 3.4319999218
1.69256386906 -1
1.69838105142 -1
1.70419823378 2.94600009918
1.71001541615 2.94000005722
1.71583259851 -1
1.72164978087 -1
1.72746696323 -1
1.73328414559 -1
1.73910132796 -1
1.74491851032 -1
1.75073569268 5.48500013351
1.75655287504 5.4889998436
1.7623700574 5.48799991608
1.76818723977 -1
1.77400442213 -1
1.77982160449 5.88399982452
1.78563878685 5.76700019836
1.79145596921 5.6939997673
1.79727315158 5.67100000381
1.80309033394 5.65899991989
1.8089075163 5.67000007629
1.81472469866 5.70100021362
1.82054188102 5.83099985123
1.82635906339 5.86899995804
1.83217624575 5.875
1.83799342811 5.87799978256
1.84381061047 5.87699985504
1.84962779284 5.87799978256
1.8554449752 5.86999988556
1.86126215756 5.86199998856
1.86707933992 5.76499986649
1.87289652228 5.60799980164
1.87871370465 5.54600000381
1.88453088701 5.52299976349
1.89034806937 5.54300022125
1.89616525173 5.55399990082
1.90198243409 5.56199979782
1.90779961646 5.57299995422
1.91361679882 5.66099977493
1.91943398118 5.71400022507
1.92525116354 5.64900016785
