-1.91990637779 1.63699996471
-1.91408919543 1.63800001144
-1.90827201307 1.6779999733
-1.90245483071 1.69299995899
-1.89663764834 1.71099996567
-1.89082046598 1.73199999332
-1.88500328362 1.75100004673
-1.87918610126 1.77300000191
-1.8733689189 -1
-1.86755173653 -1
-1.86173455417 -1
-1.85591737181 -1
-1.85010018945 -1
-1.84428300709 -1
-1.83846582472 -1
-1.83264864236 -1
-1.82683146 2.98300004005
-1.82101427764 2.98200011253
-1.81519709527 2.96600008011
-1.80937991291 2.95199990273
-1.80356273055 -1
-1.79774554819 -1
-1.79192836583 -1
-1.78611118346 4.90500020981
-1.7802940011 4.95599985123
-1.77447681874 -1
-1.76865963638 -1
-1.76284245402 -1
-1.75702527165 0.725000023842
-1.75120808929 0.71899998188
-1.74539090693 0.722000002861
-1.73957372457 0.721000015736
-1.73375654221 0.721000015736
-1.72793935984 -1
-1.72212217748 -1
-1.71630499512 -1
-1.71048781276 -1
-1.7046706304 6.68699979782
-1.69885344803 6.65100002289
-1.69303626567 -1
-1.68721908331 -1
-1.68140190095 -1
-1.67558471859 -1
-1.66976753622 -1
-1.66395035386 -1
-1.6581331715 5.50600004196
-1.65231598914 5.53299999237
-1.64649880677 5.47399997711
-1.64068162441 5.47900009155
-1.63486444205 5.51499986649
-1.62904725969 5.48600006104
-1.62323007733 5.45599985123
-1.61741289496 5.51000022888
-1.6115957126 5.42299985886
-1.60577853024 5.30399990082
-1.59996134788 5.30499982834
-1.59414416552 5.31300020218
-1.58832698315 5.3189997673
-1.58250980079 5.31599998474
-1.57669261843 5.32600021362
-1.57087543607 5.31300020218
-1.56505825371 5.3109998703
-1.55924107134 5.3140001297
-1.55342388898 5.32000017166
-1.54760670662 5.32000017166
-1.54178952426 5.31599998474
-1.5359723419 5.21799993515
-1.53015515953 5.16900014877
-1.52433797717 5.0560002327
-1.51852079481 4.97100019455
-1.51270361245 5.13500022888
-1.50688643008 -1
-1.50106924772 -1
-1.49525206536 4.17399978638
-1.489434883 4.27799987793
-1.48361770064 -1
-1.47780051827 -1
-1.47198333591 -1
-1.46616615355 -1
-1.46034897119 -1
-1.45453178883 -1
-1.44871460646 4.96600008011
-1.4428974241 4.92199993134
-1.43708024174 4.89699983597
-1.43126305938 4.89400005341
-1.42544587702 4.91099977493
-1.41962869465 4.88700008392
-1.41381151229 4.88999986649
-1.40799432993 4.92500019073
-1.40217714757 5.02199983597
-1.39635996521 4.97700023651
-1.39054278284 5.01900005341
-1.38472560048 -1
-1.37890841812 -1
-1.37309123576 -1
-1.36727405339 -1
-1.36145687103 -1
-1.35563968867 6.54400014877
-1.34982250631 -1
-1.34400532395 -1
-1.33818814158 7.56300020218
-1.33237095922 -1
-1.32655377686 -1
-1.3207365945 -1
-1.31491941214 -1
-1.30910222977 -1
-1.30328504741 -1
-1.29746786505 -1
-1.29165068269 -1
-1.28583350033 -1
-1.28001631796 -1
-1.2741991356 -1
-1.26838195324 9.91800022125
-1.26256477088 9.91800022125
-1.25674758852 9.92099952698
-1.25093040615 9.92800045013
-1.24511322379 9.92700004578
-1.23929604143 9.93099975586
-1.23347885907 -1
-1.2276616767 -1
-1.22184449434 1.99399995804
-1.21602731198 1.99199998379
-1.21021012962 2.02800011635
-1.20439294726 2.03900003433
-1.19857576489 2.0490000248
-1.19275858253 2.03500008583
-1.18694140017 -1
-1.18112421781 -1
-1.17530703545 3.96000003815
-1.16948985308 3.96199989319
-1.16367267072 3.95600008965
-1.15785548836 3.94799995422
-1.152038306 3.9430000782
-1.14622112364 3.93700003624
-1.14040394127 3.93000006676
-1.13458675891 3.93300008774
-1.12876957655 3.92499995232
-1.12295239419 3.92199993134
-1.11713521183 3.91799998283
-1.11131802946 3.91400003433
-1.1055008471 -1
-1.09968366474 -1
-1.09386648238 3.22099995613
-1.08804930001 3.22799992561
-1.08223211765 -1
-1.07641493529 -1
-1.07059775293 1.59599995613
-1.06478057057 1.5720000267
-1.0589633882 1.56200003624
-1.05314620584 1.56599998474
-1.04732902348 1.57700002193
-1.04151184112 1.59200000763
-1.03569465876 1.59599995613
-1.02987747639 -1
-1.02406029403 -1
-1.01824311167 -1
-1.01242592931 1.98899996281
-1.00660874695 1.99199998379
-1.00079156458 1.98699998856
-0.994974382222 1.98599994183
-0.98915719986 1.98300004005
-0.983340017498 1.97899997234
-0.977522835135 1.97500002384
-0.971705652773 1.9620000124
-0.965888470411 1.9620000124
-0.960071288049 1.96800005436
-0.954254105687 -1
-0.948436923325 -1
-0.942619740963 -1
-0.936802558601 1.19599997997
-0.930985376239 1.1779999733
-0.925168193877 1.19799995422
-0.919351011515 1.19400000572
-0.913533829153 -1
-0.907716646791 -1
-0.901899464428 -1
-0.896082282066 1.94500005245
-0.890265099704 1.94099998474
-0.884447917342 1.94000005722
-0.87863073498 1.93900001049
-0.872813552618 1.93499994278
-0.866996370256 1.93299996853
-0.861179187894 1.93400001526
-0.855362005532 1.93299996853
-0.84954482317 1.94099998474
-0.843727640808 1.93900001049
-0.837910458446 -1
-0.832093276083 -1
-0.826276093721 1.53100001812
-0.820458911359 1.52799999714
-0.814641728997 -1
-0.808824546635 -1
-0.803007364273 -1
-0.797190181911 -1
-0.791372999549 -1
-0.785555817187 -1
-0.779738634825 -1
-0.773921452463 1.47200000286
-0.768104270101 -1
-0.762287087739 -1
-0.756469905376 3.26099991798
-0.750652723014 3.26900005341
-0.744835540652 3.27999997139
-0.73901835829 3.28299999237
-0.733201175928 3.29999995232
-0.727383993566 3.3180000782
-0.721566811204 3.33299994469
-0.715749628842 3.33800005913
-0.70993244648 3.35400009155
-0.704115264118 -1
-0.698298081756 -1
-0.692480899394 -1
-0.686663717031 2.95799994469
-0.680846534669 2.92499995232
-0.675029352307 2.95000004768
-0.669212169945 2.92300009727
-0.663394987583 2.88400006294
-0.657577805221 -1
-0.651760622859 -1
-0.645943440497 2.70000004768
-0.640126258135 2.69400000572
-0.634309075773 -1
-0.628491893411 -1
-0.622674711049 2.8900001049
-0.616857528687 2.90300011635
-0.611040346324 2.90100002289
-0.605223163962 2.91400003433
-0.5994059816 2.9319999218
-0.593588799238 2.97000002861
-0.587771616876 -1
-0.581954434514 -1
-0.576137252152 -1
-0.57032006979 -1
-0.564502887428 6.84000015259
-0.558685705066 6.80700016022
-0.552868522704 6.75699996948
-0.547051340342 6.72599983215
-0.541234157979 6.79799985886
-0.535416975617 6.75400018692
-0.529599793255 6.71099996567
-0.523782610893 6.75400018692
-0.517965428531 6.81300020218
-0.512148246169 6.86899995804
-0.506331063807 6.91800022125
-0.500513881445 -1
-0.494696699083 -1
-0.488879516721 -1
-0.483062334359 -1
-0.477245151997 5.73699998856
-0.471427969635 5.6890001297
-0.465610787272 5.65600013733
-0.45979360491 5.66200017929
-0.453976422548 5.65700006485
-0.448159240186 5.61999988556
-0.442342057824 5.60500001907
-0.436524875462 5.63399982452
-0.4307076931 5.50899982452
-0.424890510738 5.5110001564
-0.419073328376 5.42500019073
-0.413256146014 5.47700023651
-0.407438963652 -1
-0.40162178129 -1
-0.395804598927 -1
-0.389987416565 -1
-0.384170234203 -1
-0.378353051841 3.22499990463
-0.372535869479 -1
-0.366718687117 -1
-0.360901504755 -1
-0.355084322393 2.1740000248
-0.349267140031 2.16199994087
-0.343449957669 2.14599990845
-0.337632775307 2.14700007439
-0.331815592945 2.13800001144
-0.325998410583 2.13000011444
-0.32018122822 2.11599993706
-0.314364045858 2.1099998951
-0.308546863496 2.09899997711
-0.302729681134 2.09100008011
-0.296912498772 2.08899998665
-0.29109531641 2.07500004768
-0.285278134048 2.07399988174
-0.279460951686 2.05999994278
-0.273643769324 2.0569999218
-0.267826586962 2.04800009727
-0.2620094046 2.0490000248
-0.256192222238 2.03500008583
-0.250375039876 2.02699995041
-0.244557857513 2.01799988747
-0.238740675151 2.01200008392
-0.232923492789 2.00699996948
-0.227106310427 1.9960000515
-0.221289128065 1.99199998379
-0.215471945703 1.99300003052
-0.209654763341 2.00099992752
-0.203837580979 2.02399992943
-0.198020398617 2.04399991035
-0.192203216255 2.06399989128
-0.186386033893 2.09500002861
-0.180568851531 2.1210000515
-0.174751669168 2.14800000191
-0.168934486806 2.1740000248
-0.163117304444 2.2009999752
-0.157300122082 2.23099994659
-0.15148293972 -1
-0.145665757358 -1
-0.139848574996 1.86500000954
-0.134031392634 1.85899996758
-0.128214210272 1.85899996758
-0.12239702791 1.85699999332
-0.116579845548 1.86099994183
-0.110762663186 1.86899995804
-0.104945480824 1.89100003242
-0.0991282984614 1.9129999876
-0.0933111160994 1.88600003719
-0.0874939337373 1.89900004864
-0.0816767513752 1.88800001144
-0.0758595690131 1.88600003719
-0.070042386651 1.88100004196
-0.064225204289 1.8789999485
-0.0584080219269 1.88199996948
-0.0525908395648 1.88100004196
-0.0467736572027 1.87699997425
-0.0409564748406 1.86300003529
-0.0351392924786 1.8710000515
-0.0293221101165 1.86099994183
-0.0235049277544 1.85800004005
-0.0176877453923 1.85500001907
-0.0118705630302 1.85000002384
-0.00605338066816 1.84800004959
-0.000236198306084 1.85199999809
0.005580984056 1.84599995613
0.0113981664181 1.84700000286
0.0172153487802 1.83500003815
0.0230325311422 1.83000004292
0.0288497135043 1.83099997044
0.0346668958664 1.83099997044
0.0404840782285 1.83099997044
0.0463012605906 1.83000004292
0.0521184429526 1.81500005722
0.0579356253147 1.81799995899
0.0637528076768 1.82299995422
0.0695699900389 1.81500005722
0.075387172401 1.81500005722
0.081204354763 1.80200004578
0.0870215371251 1.80900001526
0.0928387194872 1.80700004101
0.0986559018493 -1
0.104473084211 -1
0.110290266573 -1
0.116107448936 -1
0.121924631298 1.73599994183
0.12774181366 1.72899997234
0.133558996022 1.73099994659
0.139376178384 1.72899997234
0.145193360746 1.73399996758
0.151010543108 1.73800003529
0.15682772547 -1
0.162644907832 -1
0.168462090194 -1
0.174279272556 2.14299988747
0.180096454918 -1
0.18591363728 -1
0.191730819643 -1
0.197548002005 -1
0.203365184367 1.73899996281
0.209182366729 1.73599994183
0.214999549091 1.73599994183
0.220816731453 1.73899996281
0.226633913815 1.74500000477
0.232451096177 -1
0.238268278539 -1
0.244085460901 1.77900004387
0.249902643263 1.78999996185
0.255719825625 1.79200005531
0.261537007987 1.79400002956
0.26735419035 1.79499995708
0.273171372712 1.79999995232
0.278988555074 1.79499995708
0.284805737436 1.7990000248
0.290622919798 1.80099999905
0.29644010216 1.80099999905
0.302257284522 1.79700005054
0.308074466884 1.79400002956
0.313891649246 1.79799997807
0.319708831608 1.79499995708
0.32552601397 1.80700004101
0.331343196332 1.79499995708
0.337160378695 1.79700005054
0.342977561057 1.79499995708
0.348794743419 1.80900001526
0.354611925781 1.80099999905
0.360429108143 1.80099999905
0.366246290505 1.81200003624
0.372063472867 1.80999994278
0.377880655229 1.80999994278
0.383697837591 1.80900001526
0.389515019953 1.81599998474
0.395332202315 1.81400001049
0.401149384677 1.80999994278
0.406966567039 1.81099998951
0.412783749402 1.82299995422
0.418600931764 1.82700002193
0.424418114126 1.82099997997
0.430235296488 1.82000005245
0.43605247885 1.81700003147
0.441869661212 1.82799994946
0.447686843574 1.82700002193
0.453504025936 1.84800004959
0.459321208298 -1
0.46513839066 -1
0.470955573022 1.79999995232
0.476772755384 1.78499996662
0.482589937747 1.78100001812
0.488407120109 1.78199994564
0.494224302471 1.77999997139
0.500041484833 1.7879999876
0.505858667195 -1
0.511675849557 -1
0.517493031919 2.30399990082
0.523310214281 2.25500011444
0.529127396643 2.20700001717
0.534944579005 2.16300010681
0.540761761367 2.117000103
0.546578943729 2.07500004768
0.552396126091 2.03699994087
0.558213308454 1.99699997902
0.564030490816 1.96000003815
0.569847673178 1.92499995232
0.57566485554 1.88600003719
0.581482037902 1.87600004673
0.587299220264 1.88600003719
0.593116402626 1.89100003242
0.598933584988 1.89199995995
0.60475076735 1.89900004864
0.610567949712 1.90600001812
0.616385132074 -1
0.622202314436 -1
0.628019496799 -1
0.633836679161 1.63900005817
0.639653861523 1.62000000477
0.645471043885 1.59399998188
0.651288226247 1.57400000095
0.657105408609 1.56799995899
0.662922590971 1.54200005531
0.668739773333 1.51999998093
0.674556955695 1.49899995327
0.680374138057 1.47000002861
0.686191320419 1.45899999142
0.692008502781 1.44799995422
0.697825685143 -1
0.703642867506 -1
0.709460049868 -1
0.71527723223 -1
0.721094414592 1.30799996853
0.726911596954 1.27100002766
0.732728779316 1.29299998283
0.738545961678 -1
0.74436314404 -1
0.750180326402 1.25999999046
0.755997508764 1.26499998569
0.761814691126 1.25699996948
0.767631873488 1.24100005627
0.773449055851 1.22899997234
0.779266238213 1.22599995136
0.785083420575 1.18900001049
0.790900602937 1.20500004292
0.796717785299 1.2009999752
0.802534967661 1.23099994659
0.808352150023 1.24199998379
0.814169332385 1.25499999523
0.819986514747 1.25800001621
0.825803697109 1.26100003719
0.831620879471 1.26199996471
0.837438061833 1.27499997616
0.843255244195 1.27300000191
0.849072426558 1.28299999237
0.85488960892 1.29299998283
0.860706791282 1.28999996185
0.866523973644 1.29299998283
0.872341156006 1.30499994755
0.878158338368 1.30799996853
0.88397552073 1.31799995899
0.889792703092 1.32299995422
0.895609885454 1.32500004768
0.901427067816 1.33200001717
0.907244250178 1.33599996567
0.91306143254 1.34200000763
0.918878614902 1.35800004005
0.924695797265 1.35199999809
0.930512979627 1.36899995804
0.936330161989 1.375
0.942147344351 1.36899995804
0.947964526713 1.38399994373
0.953781709075 1.38199996948
0.959598891437 1.38399994373
0.965416073799 1.38900005817
0.971233256161 1.40400004387
0.977050438523 1.40499997139
0.982867620885 1.41100001335
0.988684803247 1.4240000248
0.99450198561 1.4279999733
1.00031916797 1.38999998569
1.00613635033 -1
1.0119535327 -1
1.01777071506 -1
1.02358789742 1.65999996662
1.02940507978 1.69200003147
1.03522226214 1.71500003338
1.04103944451 1.73599994183
1.04685662687 1.76999998093
1.05267380923 1.78199994564
1.05849099159 1.78900003433
1.06430817395 1.75600004196
1.07012535632 -1
1.07594253868 -1
1.08175972104 -1
1.0875769034 -1
1.09339408576 1.52499997616
1.09921126813 -1
1.10502845049 -1
1.11084563285 -1
1.11666281521 -1
1.12247999758 1.71700000763
1.12829717994 -1
1.1341143623 -1
1.13993154466 -1
1.14574872702 -1
1.15156590939 -1
1.15738309175 -1
1.16320027411 -1
1.16901745647 -1
1.17483463883 -1
1.1806518212 1.88800001144
1.18646900356 1.86800003052
1.19228618592 1.86000001431
1.19810336828 1.85099995136
1.20392055064 1.83099997044
1.20973773301 1.81900000572
1.21555491537 1.80599999428
1.22137209773 1.79100000858
1.22718928009 1.76400005817
1.23300646245 1.7539999485
1.23882364482 1.73300004005
1.24464082718 1.71700000763
1.25045800954 1.70700001717
1.2562751919 1.70299994946
1.26209237427 1.70299994946
1.26790955663 1.71000003815
1.27372673899 1.7159999609
1.27954392135 1.71700000763
1.28536110371 1.70399999619
1.29117828608 1.69599997997
1.29699546844 -1
1.3028126508 -1
1.30862983316 1.84599995613
1.31444701552 1.84899997711
1.32026419789 1.83299994469
1.32608138025 1.81400001049
1.33189856261 1.79999995232
1.33771574497 1.77699995041
1.34353292733 1.80700004101
1.3493501097 1.79600000381
1.35516729206 1.77900004387
1.36098447442 1.76800000668
1.36680165678 1.76199996471
1.37261883914 1.72800004482
1.37843602151 1.74899995327
1.38425320387 1.74100005627
1.39007038623 1.68700003624
1.39588756859 1.7120000124
1.40170475096 1.75300002098
1.40752193332 1.73099994659
1.41333911568 1.72099995613
1.41915629804 1.71099996567
1.4249734804 1.71300005913
1.43079066277 1.71399998665
1.43660784513 1.72200000286
1.44242502749 1.72800004482
1.44824220985 1.73699998856
1.45405939221 1.74500000477
1.45987657458 1.74699997902
1.46569375694 1.75800001621
1.4715109393 1.77400004864
1.47732812166 1.79100000858
1.48314530402 -1
1.48896248639 -1
1.49477966875 -1
1.50059685111 -1
1.50641403347 -1
1.51223121583 2.36599993706
1.5180483982 2.35700011253
1.52386558056 2.34299993515
1.52968276292 2.34999990463
1.53549994528 2.34200000763
1.54131712765 2.33699989319
1.54713431001 2.32999992371
1.55295149237 2.32999992371
1.55876867473 2.32100009918
1.56458585709 2.31299996376
1.57040303946 2.31200003624
1.57622022182 2.31699991226
1.58203740418 2.30399990082
1.58785458654 2.29600000381
1.5936717689 2.29699993134
1.59948895127 2.30100011826
1.60530613363 2.26300001144
1.61112331599 -1
1.61694049835 -1
1.62275768071 2.28500008583
1.62857486308 2.33899998665
1.63439204544 2.39199995995
1.6402092278 2.43700003624
1.64602641016 2.47699999809
1.65184359252 -1
1.65766077489 -1
1.66347795725 -1
1.66929513961 3.41799998283
1.67511232197 3.42700004578
1.68092950433 3.43300008774
1.6867466867 3.43400001526
1.69256386906 -1
1.69838105142 -1
1.70419823378 2.9430000782
1.71001541615 2.93700003624
1.71583259851 -1
1.72164978087 -1
1.72746696323 -1
1.73328414559 -1
1.73910132796 -1
1.74491851032 -1
1.75073569268 5.48999977112
1.75655287504 5.48299980164
1.7623700574 5.492000103
1.76818723977 -1
1.77400442213 -1
1.77982160449 5.88700008392
1.78563878685 5.76999998093
1.79145596921 5.69199991226
1.79727315158 5.67299985886
1.80309033394 5.65999984741
1.8089075163 5.67600011826
1.81472469866 5.69799995422
1.82054188102 5.82800006866
1.82635906339 5.86999988556
1.83217624575 5.87599992752
1.83799342811 5.87799978256
1.84381061047 5.87799978256
1.84962779284 5.87599992752
1.8554449752 5.86800003052
1.86126215756 5.86499977112
1.86707933992 5.76499986649
1.87289652228 5.61000013351
1.87871370465 5.54899978638
1.88453088701 5.52799987793
1.89034806937 5.54099988937
1.89616525173 5.55200004578
1.90198243409 5.5609998703
1.90779961646 5.5720000267
1.91361679882 5.66800022125
1.91943398118 5.71299982071
1.92525116354 5.64499998093
