-1.91990637779 1.26499998569
-1.91408919543 1.25600004196
-1.90827201307 1.23899996281
-1.90245483071 1.25
-1.89663764834 1.26400005817
-1.89082046598 1.27699995041
-1.88500328362 1.29299998283
-1.87918610126 -1
-1.8733689189 -1
-1.86755173653 1.24399995804
-1.86173455417 1.23599994183
-1.85591737181 1.22599995136
-1.85010018945 1.23300004005
-1.84428300709 1.2159999609
-1.83846582472 1.1779999733
-1.83264864236 1.18499994278
-1.82683146 1.2159999609
-1.82101427764 1.22699999809
-1.81519709527 1.21800005436
-1.80937991291 1.22099995613
-1.80356273055 1.22000002861
-1.79774554819 1.20700001717
-1.79192836583 1.21399998665
-1.78611118346 1.21399998665
-1.7802940011 1.20899999142
-1.77447681874 1.21500003338
-1.76865963638 1.25100004673
-1.76284245402 -1
-1.75702527165 -1
-1.75120808929 1.15199995041
-1.74539090693 1.15299999714
-1.73957372457 1.15600001812
-1.73375654221 1.14800000191
-1.72793935984 1.14900004864
-1.72212217748 1.14800000191
-1.71630499512 1.14100003242
-1.71048781276 1.14999997616
-1.7046706304 1.15699994564
-1.69885344803 1.15100002289
-1.69303626567 1.15100002289
-1.68721908331 1.14900004864
-1.68140190095 1.15199995041
-1.67558471859 1.14900004864
-1.66976753622 1.14699995518
-1.66395035386 1.13800001144
-1.6581331715 1.15299999714
-1.65231598914 1.14999997616
-1.64649880677 1.14600002766
-1.64068162441 1.14800000191
-1.63486444205 1.15699994564
-1.62904725969 1.14800000191
-1.62323007733 1.15699994564
-1.61741289496 1.14600002766
-1.6115957126 1.15699994564
-1.60577853024 1.15799999237
-1.59996134788 1.14600002766
-1.59414416552 -1
-1.58832698315 -1
-1.58250980079 -1
-1.57669261843 -1
-1.57087543607 -1
-1.56505825371 -1
-1.55924107134 -1
-1.55342388898 -1
-1.54760670662 -1
-1.54178952426 -1
-1.5359723419 3.8259999752
-1.53015515953 3.8220000267
-1.52433797717 -1
-1.51852079481 -1
-1.51270361245 -1
-1.50688643008 3.81500005722
-1.50106924772 3.81399989128
-1.49525206536 3.81699991226
-1.489434883 3.81900000572
-1.48361770064 3.81599998474
-1.47780051827 3.81299996376
-1.47198333591 3.81599998474
-1.46616615355 3.81599998474
-1.46034897119 3.81500005722
-1.45453178883 3.81200003624
-1.44871460646 3.7990000248
-1.4428974241 3.81399989128
-1.43708024174 3.81599998474
-1.43126305938 -1
-1.42544587702 -1
-1.41962869465 -1
-1.41381151229 -1
-1.40799432993 4.05700016022
-1.40217714757 4.06300020218
-1.39635996521 4.05900001526
-1.39054278284 4.0560002327
-1.38472560048 4.0609998703
-1.37890841812 4.06300020218
-1.37309123576 -1
-1.36727405339 -1
-1.36145687103 -1
-1.35563968867 1.13600003719
-1.34982250631 -1
-1.34400532395 -1
-1.33818814158 -1
-1.33237095922 4.12400007248
-1.32655377686 4.08099985123
-1.3207365945 4.07600021362
-1.31491941214 4.10500001907
-1.30910222977 -1
-1.30328504741 -1
-1.29746786505 -1
-1.29165068269 3.92499995232
-1.28583350033 -1
-1.28001631796 -1
-1.2741991356 -1
-1.26838195324 2.54399991035
-1.26256477088 2.54999995232
-1.25674758852 2.57299995422
-1.25093040615 -1
-1.24511322379 -1
-1.23929604143 11.126999855
-1.23347885907 11.1510000229
-1.2276616767 11.1639995575
-1.22184449434 11.220000267
-1.21602731198 11.1929998398
-1.21021012962 -1
-1.20439294726 -1
-1.19857576489 1.18099999428
-1.19275858253 -1
-1.18694140017 -1
-1.18112421781 -1
-1.17530703545 3.74099993706
-1.16948985308 3.69000005722
-1.16367267072 3.7009999752
-1.15785548836 3.63499999046
-1.152038306 3.56699991226
-1.14622112364 3.50300002098
-1.14040394127 3.45799994469
-1.13458675891 3.40000009537
-1.12876957655 3.32500004768
-1.12295239419 3.26999998093
-1.11713521183 3.24300003052
-1.11131802946 3.22000002861
-1.1055008471 3.1740000248
-1.09968366474 3.13000011444
-1.09386648238 3.08800005913
-1.08804930001 3.0529999733
-1.08223211765 3.01099991798
-1.07641493529 2.97199988365
-1.07059775293 2.93799996376
-1.06478057057 2.90000009537
-1.0589633882 2.86400008202
-1.05314620584 2.83100008965
-1.04732902348 2.79800009727
-1.04151184112 2.76699995995
-1.03569465876 2.73600006104
-1.02987747639 2.70399999619
-1.02406029403 2.67199993134
-1.01824311167 2.64800000191
-1.01242592931 2.61400008202
-1.00660874695 2.58899998665
-1.00079156458 2.55900001526
-0.994974382222 2.53600001335
-0.98915719986 2.54099988937
-0.983340017498 2.53900003433
-0.977522835135 2.55599999428
-0.971705652773 2.56299996376
-0.965888470411 2.57299995422
-0.960071288049 2.59100008011
-0.954254105687 2.59800004959
-0.948436923325 2.59500002861
-0.942619740963 2.52099990845
-0.936802558601 2.49399995804
-0.930985376239 -1
-0.925168193877 -1
-0.919351011515 2.42899990082
-0.913533829153 2.41100001335
-0.907716646791 2.35199999809
-0.901899464428 2.36100006104
-0.896082282066 2.35199999809
-0.890265099704 -1
-0.884447917342 -1
-0.87863073498 -1
-0.872813552618 -1
-0.866996370256 -1
-0.861179187894 1.99699997902
-0.855362005532 1.99300003052
-0.84954482317 2.00900006294
-0.843727640808 2.01600003242
-0.837910458446 2.00300002098
-0.832093276083 1.95299994946
-0.826276093721 1.90199995041
-0.820458911359 1.89800000191
-0.814641728997 1.89199995995
-0.808824546635 1.89499998093
-0.803007364273 1.90699994564
-0.797190181911 1.91499996185
-0.791372999549 1.92499995232
-0.785555817187 1.93799996376
-0.779738634825 1.9509999752
-0.773921452463 1.9470000267
-0.768104270101 2.00300002098
-0.762287087739 2.01200008392
-0.756469905376 2.00699996948
-0.750652723014 1.99699997902
-0.744835540652 1.98000001907
-0.73901835829 1.97099995613
-0.733201175928 1.95899999142
-0.727383993566 1.9470000267
-0.721566811204 1.93400001526
-0.715749628842 1.92599999905
-0.70993244648 1.9129999876
-0.704115264118 1.90100002289
-0.698298081756 1.88800001144
-0.692480899394 1.88499999046
-0.686663717031 1.87600004673
-0.680846534669 1.86600005627
-0.675029352307 1.85300004482
-0.669212169945 1.84700000286
-0.663394987583 1.83099997044
-0.657577805221 1.82299995422
-0.651760622859 1.82299995422
-0.645943440497 1.81299996376
-0.640126258135 1.79600000381
-0.634309075773 1.79400002956
-0.628491893411 1.78499996662
-0.622674711049 1.77499997616
-0.616857528687 1.76999998093
-0.611040346324 1.76800000668
-0.605223163962 1.75
-0.5994059816 1.74500000477
-0.593588799238 1.73000001907
-0.587771616876 1.73000001907
-0.581954434514 1.72099995613
-0.576137252152 1.71800005436
-0.57032006979 1.70700001717
-0.564502887428 1.71000003815
-0.558685705066 1.69099998474
-0.552868522704 1.69200003147
-0.547051340342 1.68299996853
-0.541234157979 1.67999994755
-0.535416975617 1.67599999905
-0.529599793255 1.65699994564
-0.523782610893 1.65699994564
-0.517965428531 1.65699994564
-0.512148246169 1.65100002289
-0.506331063807 1.64600002766
-0.500513881445 1.63399994373
-0.494696699083 1.63100004196
-0.488879516721 1.625
-0.483062334359 1.61399996281
-0.477245151997 1.61199998856
-0.471427969635 1.61300003529
-0.465610787272 1.60500001907
-0.45979360491 1.59599995613
-0.453976422548 1.59200000763
-0.448159240186 -1
-0.442342057824 -1
-0.436524875462 -1
-0.4307076931 0.569000005722
-0.424890510738 0.56400001049
-0.419073328376 0.56400001049
-0.413256146014 -1
-0.407438963652 -1
-0.40162178129 -1
-0.395804598927 0.578999996185
-0.389987416565 0.561999976635
-0.384170234203 0.563000023365
-0.378353051841 0.566999971867
-0.372535869479 0.570999979973
-0.366718687117 -1
-0.360901504755 -1
-0.355084322393 -1
-0.349267140031 1.5759999752
-0.343449957669 1.60699999332
-0.337632775307 1.6210000515
-0.331815592945 1.64900004864
-0.325998410583 1.68200004101
-0.32018122822 1.70700001717
-0.314364045858 1.72800004482
-0.308546863496 1.74800002575
-0.302729681134 -1
-0.296912498772 -1
-0.29109531641 1.55099999905
-0.285278134048 1.54499995708
-0.279460951686 1.55499994755
-0.273643769324 1.56099998951
-0.267826586962 1.54200005531
-0.2620094046 1.5340000391
-0.256192222238 1.58099997044
-0.250375039876 1.58800005913
-0.244557857513 1.61699998379
-0.238740675151 1.5870000124
-0.232923492789 1.55999994278
-0.227106310427 1.55400002003
-0.221289128065 1.5529999733
-0.215471945703 1.55799996853
-0.209654763341 1.55499994755
-0.203837580979 1.54400002956
-0.198020398617 1.52799999714
-0.192203216255 1.51800000668
-0.186386033893 1.50899994373
-0.180568851531 1.51499998569
-0.174751669168 1.51199996471
-0.168934486806 1.51999998093
-0.163117304444 1.50999999046
-0.157300122082 1.5
-0.15148293972 1.50999999046
-0.145665757358 1.55599999428
-0.139848574996 1.5870000124
-0.134031392634 1.63399994373
-0.128214210272 -1
-0.12239702791 -1
-0.116579845548 -1
-0.110762663186 3.82999992371
-0.104945480824 3.8259999752
-0.0991282984614 3.82299995422
-0.0933111160994 3.81900000572
-0.0874939337373 3.81999993324
-0.0816767513752 3.81699991226
-0.0758595690131 3.81200003624
-0.070042386651 3.80800008774
-0.064225204289 3.80599999428
-0.0584080219269 3.79800009727
-0.0525908395648 -1
-0.0467736572027 -1
-0.0409564748406 -1
-0.0351392924786 -1
-0.0293221101165 3.78999996185
-0.0235049277544 3.78900003433
-0.0176877453923 3.78800010681
-0.0118705630302 3.78800010681
-0.00605338066816 3.78099989891
-0.000236198306084 3.77900004387
0.005580984056 3.77600002289
0.0113981664181 3.78299999237
0.0172153487802 3.78999996185
0.0230325311422 3.78099989891
0.0288497135043 3.78200006485
0.0346668958664 -1
0.0404840782285 -1
0.0463012605906 -1
0.0521184429526 2.75300002098
0.0579356253147 2.74000000954
0.0637528076768 2.73699998856
0.0695699900389 2.73200011253
0.075387172401 2.72099995613
0.081204354763 2.71399998665
0.0870215371251 -1
0.0928387194872 -1
0.0986559018493 3.78399991989
0.104473084211 3.78699994087
0.110290266573 3.78699994087
0.116107448936 3.79200005531
0.121924631298 -1
0.12774181366 -1
0.133558996022 -1
0.139376178384 1.70299994946
0.145193360746 1.70000004768
0.151010543108 1.70799994469
0.15682772547 1.70500004292
0.162644907832 -1
0.168462090194 -1
0.174279272556 -1
0.180096454918 -1
0.18591363728 4.97200012207
0.191730819643 4.97300004959
0.197548002005 -1
0.203365184367 -1
0.209182366729 4.66800022125
0.214999549091 4.65999984741
0.220816731453 4.65799999237
0.226633913815 -1
0.232451096177 -1
0.238268278539 -1
0.244085460901 -1
0.249902643263 2.65599989891
0.255719825625 2.6099998951
0.261537007987 2.61299991608
0.26735419035 2.61999988556
0.273171372712 2.63199996948
0.278988555074 2.64299988747
0.284805737436 2.65400004387
0.290622919798 2.68000006676
0.29644010216 2.70199990273
0.302257284522 2.69600009918
0.308074466884 -1
0.313891649246 -1
0.319708831608 3.93099999428
0.32552601397 4.03999996185
0.331343196332 4.0529999733
0.337160378695 4.05499982834
0.342977561057 4.05999994278
0.348794743419 4.07000017166
0.354611925781 4.07100009918
0.360429108143 4.05700016022
0.366246290505 4.09000015259
0.372063472867 -1
0.377880655229 -1
0.383697837591 1.65799999237
0.389515019953 -1
0.395332202315 -1
0.401149384677 -1
0.406966567039 -1
0.412783749402 -1
0.418600931764 2.06299996376
0.424418114126 2.02399992943
0.430235296488 2.007999897
0.43605247885 2.01099991798
0.441869661212 2.01399993896
0.447686843574 2.01900005341
0.453504025936 2.01799988747
0.459321208298 2.02699995041
0.46513839066 2.03099989891
0.470955573022 2.03699994087
0.476772755384 2.04299998283
0.482589937747 2.04800009727
0.488407120109 2.05399990082
0.494224302471 2.0569999218
0.500041484833 2.06599998474
0.505858667195 2.06999993324
0.511675849557 2.07800006866
0.517493031919 2.08200001717
0.523310214281 2.08299994469
0.529127396643 2.08800005913
0.534944579005 2.09599995613
0.540761761367 2.09999990463
0.546578943729 2.11100006104
0.552396126091 2.1099998951
0.558213308454 2.11899995804
0.564030490816 2.11400008202
0.569847673178 2.125
0.57566485554 2.13700008392
0.581482037902 2.13499999046
0.587299220264 -1
0.593116402626 -1
0.598933584988 1.63499999046
0.60475076735 -1
0.610567949712 -1
0.616385132074 -1
0.622202314436 -1
0.628019496799 -1
0.633836679161 -1
0.639653861523 2.13599991798
0.645471043885 2.12800002098
0.651288226247 2.10899996758
0.657105408609 2.08500003815
0.662922590971 2.07399988174
0.668739773333 2.04099988937
0.674556955695 2.03600001335
0.680374138057 2.02500009537
0.686191320419 2.00999999046
0.692008502781 1.98899996281
0.697825685143 1.97399997711
0.703642867506 1.94900000095
0.709460049868 1.93700003624
0.71527723223 1.92200005054
0.721094414592 1.90999996662
0.726911596954 1.89199995995
0.732728779316 1.88900005817
0.738545961678 1.86399996281
0.74436314404 1.85599994659
0.750180326402 1.84800004959
0.755997508764 1.82700002193
0.761814691126 1.81500005722
0.767631873488 1.80099999905
0.773449055851 1.79799997807
0.779266238213 1.78199994564
0.785083420575 -1
0.790900602937 -1
0.796717785299 -1
0.802534967661 -1
0.808352150023 -1
0.814169332385 -1
0.819986514747 -1
0.825803697109 -1
0.831620879471 -1
0.837438061833 -1
0.843255244195 -1
0.849072426558 -1
0.85488960892 1.59899997711
0.860706791282 -1
0.866523973644 -1
0.872341156006 -1
0.878158338368 -1
0.88397552073 0.00200000009499
0.889792703092 0.00200000009499
0.895609885454 0.00200000009499
0.901427067816 0.00200000009499
0.907244250178 0.00200000009499
0.91306143254 0.00200000009499
0.918878614902 0.00200000009499
0.924695797265 -1
0.930512979627 -1
0.936330161989 1.47899997234
0.942147344351 1.48199999332
0.947964526713 1.49699997902
0.953781709075 1.49699997902
0.959598891437 1.50499999523
0.965416073799 1.52400004864
0.971233256161 1.54100000858
0.977050438523 1.54999995232
0.982867620885 1.56400001049
0.988684803247 1.58099997044
0.99450198561 1.59500002861
1.00031916797 1.60599994659
1.00613635033 1.6210000515
1.0119535327 1.63399994373
1.01777071506 1.64999997616
1.02358789742 1.66499996185
1.02940507978 1.68499994278
1.03522226214 1.70000004768
1.04103944451 1.7159999609
1.04685662687 1.73500001431
1.05267380923 -1
1.05849099159 -1
1.06430817395 -1
1.07012535632 1.10599994659
1.07594253868 1.10699999332
1.08175972104 -1
1.0875769034 -1
1.09339408576 1.82299995422
1.09921126813 1.81599998474
1.10502845049 1.81299996376
1.11084563285 1.79499995708
1.11666281521 1.79400002956
1.12247999758 1.78499996662
1.12829717994 1.78600001335
1.1341143623 1.77999997139
1.13993154466 1.76600003242
1.14574872702 1.77199995518
1.15156590939 1.76100003719
1.15738309175 1.7539999485
1.16320027411 1.75499999523
1.16901745647 1.74100005627
1.17483463883 1.74199998379
1.1806518212 1.74300003052
1.18646900356 1.73399996758
1.19228618592 -1
1.19810336828 -1
1.20392055064 -1
1.20973773301 -1
1.21555491537 -1
1.22137209773 1.70399999619
1.22718928009 1.70599997044
1.23300646245 1.69400000572
1.23882364482 1.69299995899
1.24464082718 1.67999994755
1.25045800954 1.67599999905
1.2562751919 1.67900002003
1.26209237427 1.67599999905
1.26790955663 1.68200004101
1.27372673899 1.67599999905
1.27954392135 1.66700005531
1.28536110371 1.65999996662
1.29117828608 1.65999996662
1.29699546844 1.65499997139
1.3028126508 1.65499997139
1.30862983316 1.64699995518
1.31444701552 1.64800000191
1.32026419789 1.64600002766
1.32608138025 1.64100003242
1.33189856261 1.64499998093
1.33771574497 1.63399994373
1.34353292733 1.63600003719
1.3493501097 1.63199996948
1.35516729206 1.62600004673
1.36098447442 1.6210000515
1.36680165678 1.61500000954
1.37261883914 1.6210000515
1.37843602151 1.60699999332
1.38425320387 1.61800003052
1.39007038623 1.61300003529
1.39588756859 1.60899996758
1.40170475096 1.60599994659
1.40752193332 1.59800004959
1.41333911568 1.59899997711
1.41915629804 1.59599995613
1.4249734804 1.59000003338
1.43079066277 1.59599995613
1.43660784513 1.59500002861
1.44242502749 1.59500002861
1.44824220985 1.59800004959
1.45405939221 1.59000003338
1.45987657458 1.5870000124
1.46569375694 1.57899999619
1.4715109393 1.57899999619
1.47732812166 1.58099997044
1.48314530402 1.57899999619
1.48896248639 1.57799994946
1.49477966875 1.58899998665
1.50059685111 1.5759999752
1.50641403347 1.57700002193
1.51223121583 1.5720000267
1.5180483982 1.57700002193
1.52386558056 1.58299994469
1.52968276292 1.57099997997
1.53549994528 1.57000005245
1.54131712765 1.57099997997
1.54713431001 1.5720000267
1.55295149237 1.57000005245
1.55876867473 1.56799995899
1.56458585709 1.56299996376
1.57040303946 1.56799995899
1.57622022182 1.56099998951
1.58203740418 1.56299996376
1.58785458654 1.56900000572
1.5936717689 -1
1.59948895127 -1
1.60530613363 -1
1.61112331599 0.633000016212
1.61694049835 0.629999995232
1.62275768071 0.629000008106
1.62857486308 0.630999982357
1.63439204544 -1
1.6402092278 -1
1.64602641016 -1
1.65184359252 1.56599998474
1.65766077489 1.56799995899
1.66347795725 1.5720000267
1.66929513961 1.56900000572
1.67511232197 1.56799995899
1.68092950433 1.56400001049
1.6867466867 1.5759999752
1.69256386906 1.56799995899
1.69838105142 1.56099998951
1.70419823378 1.56900000572
1.71001541615 1.57500004768
1.71583259851 1.57099997997
1.72164978087 1.5759999752
1.72746696323 1.57400000095
1.73328414559 1.57400000095
1.73910132796 1.57700002193
1.74491851032 1.58099997044
1.75073569268 1.57400000095
1.75655287504 1.58599996567
1.7623700574 1.58599996567
1.76818723977 1.5870000124
1.77400442213 1.5870000124
1.77982160449 1.5909999609
1.78563878685 1.58500003815
1.79145596921 1.59000003338
1.79727315158 1.58500003815
1.80309033394 1.5909999609
1.8089075163 1.59200000763
1.81472469866 1.58800005913
1.82054188102 1.59300005436
1.82635906339 1.59200000763
1.83217624575 1.59700000286
1.83799342811 -1
1.84381061047 -1
1.84962779284 0.907000005245
1.8554449752 0.902999997139
1.86126215756 -1
1.86707933992 -1
1.87289652228 -1
1.87871370465 1.60699999332
1.88453088701 1.61800003052
1.89034806937 1.61899995804
1.89616525173 1.62300002575
1.90198243409 1.625
1.90779961646 1.61699998379
1.91361679882 1.63100004196
1.91943398118 1.63699996471
1.92525116354 1.63499999046
