-1.91990637779 2.46799993515
-1.91408919543 -1
-1.90827201307 -1
-1.90245483071 0.00200000009499
-1.89663764834 0.00200000009499
-1.89082046598 0.00200000009499
-1.88500328362 0.00200000009499
-1.87918610126 0.00200000009499
-1.8733689189 0.00200000009499
-1.86755173653 -1
-1.86173455417 -1
-1.85591737181 -1
-1.85010018945 -1
-1.84428300709 2.05100011826
-1.83846582472 2.06100010872
-1.83264864236 2.05599999428
-1.82683146 2.04200005531
-1.82101427764 1.99000000954
-1.81519709527 1.98399996758
-1.80937991291 1.99800002575
-1.80356273055 2.00600004196
-1.79774554819 2.00600004196
-1.79192836583 2.00900006294
-1.78611118346 2.01099991798
-1.7802940011 2.02099990845
-1.77447681874 2.03099989891
-1.76865963638 2.03200006485
-1.76284245402 2.04399991035
-1.75702527165 2.04299998283
-1.75120808929 2.04800009727
-1.74539090693 2.05800008774
-1.73957372457 2.06699991226
-1.73375654221 2.0720000267
-1.72793935984 2.07699990273
-1.72212217748 2.09100008011
-1.71630499512 2.09899997711
-1.71048781276 2.10100007057
-1.7046706304 2.11800003052
-1.69885344803 2.12400007248
-1.69303626567 2.11899995804
-1.68721908331 2.13499999046
-1.68140190095 2.14299988747
-1.67558471859 2.16400003433
-1.66976753622 2.1819999218
-1.66395035386 2.17199993134
-1.6581331715 2.18300008774
-1.65231598914 -1
-1.64649880677 -1
-1.64068162441 3.8599998951
-1.63486444205 3.875
-1.62904725969 3.88700008392
-1.62323007733 3.89499998093
-1.61741289496 3.90799999237
-1.6115957126 3.92499995232
-1.60577853024 3.93600010872
-1.59996134788 3.95300006866
-1.59414416552 3.96499991417
-1.58832698315 3.98000001907
-1.58250980079 3.9960000515
-1.57669261843 4.00600004196
-1.57087543607 4.02199983597
-1.56505825371 4.04099988937
-1.55924107134 4.05100011826
-1.55342388898 4.06699991226
-1.54760670662 4.08199977875
-1.54178952426 4.09999990463
-1.5359723419 4.11299991608
-1.53015515953 4.12900018692
-1.52433797717 4.14900016785
-1.51852079481 -1
-1.51270361245 -1
-1.50688643008 -1
-1.50106924772 3.31900000572
-1.49525206536 3.31699991226
-1.489434883 3.26399993896
-1.48361770064 3.21099996567
-1.47780051827 3.22000002861
-1.47198333591 3.23099994659
-1.46616615355 3.20900011063
-1.46034897119 3.13100004196
-1.45453178883 3.10700011253
-1.44871460646 3.08599996567
-1.4428974241 3.06299996376
-1.43708024174 3.04200005531
-1.43126305938 3.02399992943
-1.42544587702 3.03200006485
-1.41962869465 3.04800009727
-1.41381151229 3.06500005722
-1.40799432993 3.09200000763
-1.40217714757 3.14100003242
-1.39635996521 3.16199994087
-1.39054278284 3.18400001526
-1.38472560048 3.24099993706
-1.37890841812 3.27900004387
-1.37309123576 3.26999998093
-1.36727405339 3.25699996948
-1.36145687103 3.24099993706
-1.35563968867 3.22900009155
-1.34982250631 3.21799993515
-1.34400532395 3.22499990463
-1.33818814158 3.25300002098
-1.33237095922 3.27800011635
-1.32655377686 3.31399989128
-1.3207365945 3.33899998665
-1.31491941214 3.36599993706
-1.30910222977 3.39400005341
-1.30328504741 3.42600011826
-1.29746786505 -1
-1.29165068269 -1
-1.28583350033 4.53499984741
-1.28001631796 4.57499980927
-1.2741991356 4.61199998856
-1.26838195324 4.65000009537
-1.26256477088 4.69299983978
-1.25674758852 4.73500013351
-1.25093040615 4.77400016785
-1.24511322379 4.81500005722
-1.23929604143 4.85300016403
-1.23347885907 4.90600013733
-1.2276616767 4.94500017166
-1.22184449434 4.99800014496
-1.21602731198 5.03900003433
-1.21021012962 5.08400011063
-1.20439294726 5.13500022888
-1.19857576489 5.19099998474
-1.19275858253 5.23000001907
-1.18694140017 5.28800010681
-1.18112421781 5.34399986267
-1.17530703545 5.39699983597
-1.16948985308 5.44500017166
-1.16367267072 5.51700019836
-1.15785548836 5.57100009918
-1.152038306 5.63199996948
-1.14622112364 5.69500017166
-1.14040394127 -1
-1.13458675891 -1
-1.12876957655 -1
-1.12295239419 2.77099990845
-1.11713521183 2.74900007248
-1.11131802946 2.74300003052
-1.1055008471 -1
-1.09968366474 -1
-1.09386648238 6.24800014496
-1.08804930001 -1
-1.08223211765 -1
-1.07641493529 -1
-1.07059775293 4.07700014114
-1.06478057057 4.02199983597
-1.0589633882 3.99000000954
-1.05314620584 3.97900009155
-1.04732902348 -1
-1.04151184112 -1
-1.03569465876 -1
-1.02987747639 1.53699994087
-1.02406029403 1.53199994564
-1.01824311167 1.52699995041
-1.01242592931 1.52799999714
-1.00660874695 1.52100002766
-1.00079156458 1.51699995995
-0.994974382222 1.51400005817
-0.98915719986 1.50999999046
-0.983340017498 1.50899994373
-0.977522835135 1.50499999523
-0.971705652773 1.50699996948
-0.965888470411 1.50199997425
-0.960071288049 1.50100004673
-0.954254105687 1.49399995804
-0.948436923325 1.49500000477
-0.942619740963 1.49300003052
-0.936802558601 1.49300003052
-0.930985376239 1.48300004005
-0.925168193877 1.48800003529
-0.919351011515 1.48500001431
-0.913533829153 1.48199999332
-0.907716646791 1.47800004482
-0.901899464428 1.48199999332
-0.896082282066 1.47699999809
-0.890265099704 1.47500002384
-0.884447917342 1.47300004959
-0.87863073498 1.47099995613
-0.872813552618 1.46800005436
-0.866996370256 1.47300004959
-0.861179187894 1.47200000286
-0.855362005532 1.46399998665
-0.84954482317 1.47099995613
-0.843727640808 1.47000002861
-0.837910458446 1.4659999609
-0.832093276083 1.47099995613
-0.826276093721 1.47300004959
-0.820458911359 1.47300004959
-0.814641728997 1.4659999609
-0.808824546635 1.47099995613
-0.803007364273 1.47300004959
-0.797190181911 1.47599995136
-0.791372999549 1.46899998188
-0.785555817187 1.47500002384
-0.779738634825 1.4620000124
-0.773921452463 1.47200000286
-0.768104270101 1.47500002384
-0.762287087739 1.46899998188
-0.756469905376 1.47200000286
-0.750652723014 1.47500002384
-0.744835540652 1.46800005436
-0.73901835829 1.47200000286
-0.733201175928 1.48300004005
-0.727383993566 1.47300004959
-0.721566811204 1.47899997234
-0.715749628842 1.48000001907
-0.70993244648 -1
-0.704115264118 -1
-0.698298081756 -1
-0.692480899394 -1
-0.686663717031 -1
-0.680846534669 -1
-0.675029352307 -1
-0.669212169945 -1
-0.663394987583 -1
-0.657577805221 -1
-0.651760622859 -1
-0.645943440497 -1
-0.640126258135 6.20399999619
-0.634309075773 6.04600000381
-0.628491893411 5.9889998436
-0.622674711049 -1
-0.616857528687 -1
-0.611040346324 -1
-0.605223163962 -1
-0.5994059816 -1
-0.593588799238 -1
-0.587771616876 -1
-0.581954434514 -1
-0.576137252152 5.55900001526
-0.57032006979 5.52899980545
-0.564502887428 -1
-0.558685705066 -1
-0.552868522704 -1
-0.547051340342 4.73999977112
-0.541234157979 -1
-0.535416975617 -1
-0.529599793255 -1
-0.523782610893 -1
-0.517965428531 6.47800016403
-0.512148246169 6.51900005341
-0.506331063807 6.58900022507
-0.500513881445 6.6779999733
-0.494696699083 6.80100011826
-0.488879516721 6.81699991226
-0.483062334359 6.81199979782
-0.477245151997 6.79300022125
-0.471427969635 6.77500009537
-0.465610787272 6.76200008392
-0.45979360491 6.74599981308
-0.453976422548 6.73699998856
-0.448159240186 6.73000001907
-0.442342057824 6.73299980164
-0.436524875462 6.73500013351
-0.4307076931 6.75099992752
-0.424890510738 6.77199983597
-0.419073328376 6.80999994278
-0.413256146014 6.84399986267
-0.407438963652 6.98400020599
-0.40162178129 -1
-0.395804598927 -1
-0.389987416565 -1
-0.384170234203 6.46400022507
-0.378353051841 6.43499994278
-0.372535869479 6.34600019455
-0.366718687117 6.15600013733
-0.360901504755 6.20499992371
-0.355084322393 6.25299978256
-0.349267140031 -1
-0.343449957669 -1
-0.337632775307 5.38899993896
-0.331815592945 5.36000013351
-0.325998410583 5.20100021362
-0.32018122822 5.125
-0.314364045858 5.03299999237
-0.308546863496 4.98799991608
-0.302729681134 4.98199987411
-0.296912498772 5.03399991989
-0.29109531641 5.11000013351
-0.285278134048 5.19999980927
-0.279460951686 5.0720000267
-0.273643769324 5.00199985504
-0.267826586962 -1
-0.2620094046 -1
-0.256192222238 -1
-0.250375039876 -1
-0.244557857513 -1
-0.238740675151 -1
-0.232923492789 1.29799997807
-0.227106310427 1.29100000858
-0.221289128065 1.26499998569
-0.215471945703 1.23699998856
-0.209654763341 1.20399999619
-0.203837580979 1.19900000095
-0.198020398617 1.21800005436
-0.192203216255 1.1970000267
-0.186386033893 1.19599997997
-0.180568851531 1.17700004578
-0.174751669168 1.15400004387
-0.168934486806 1.13199996948
-0.163117304444 1.12300002575
-0.157300122082 1.12399995327
-0.15148293972 1.11500000954
-0.145665757358 -1
-0.139848574996 -1
-0.134031392634 1.00899994373
-0.128214210272 1.0379999876
-0.12239702791 1.01699995995
-0.116579845548 1.01199996471
-0.110762663186 1.03100001812
-0.104945480824 1.02999997139
-0.0991282984614 1.01999998093
-0.0933111160994 1.01100003719
-0.0874939337373 1.01100003719
-0.0816767513752 0.996999979019
-0.0758595690131 0.976999998093
-0.070042386651 0.981999993324
-0.064225204289 0.999000012875
-0.0584080219269 0.98299998045
-0.0525908395648 1.00300002098
-0.0467736572027 1.00100004673
-0.0409564748406 1.00199997425
-0.0351392924786 1.00600004196
-0.0293221101165 1.00499999523
-0.0235049277544 1.02499997616
-0.0176877453923 1.02400004864
-0.0118705630302 1.03600001335
-0.00605338066816 1.03600001335
-0.000236198306084 1.04299998283
0.005580984056 1.03900003433
0.0113981664181 1.02199995518
0.0172153487802 1.03600001335
0.0230325311422 1.04600000381
0.0288497135043 1.05400002003
0.0346668958664 1.05999994278
0.0404840782285 1.06299996376
0.0463012605906 1.0720000267
0.0521184429526 1.07500004768
0.0579356253147 1.07500004768
0.0637528076768 1.07099997997
0.0695699900389 1.06799995899
0.075387172401 -1
0.081204354763 -1
0.0870215371251 -1
0.0928387194872 1.82700002193
0.0986559018493 1.83599996567
0.104473084211 1.84300005436
0.110290266573 1.85899996758
0.116107448936 1.86199998856
0.121924631298 1.87199997902
0.12774181366 1.88199996948
0.133558996022 1.89199995995
0.139376178384 1.90400004387
0.145193360746 1.9129999876
0.151010543108 1.92499995232
0.15682772547 1.93400001526
0.162644907832 1.94200003147
0.168462090194 1.95599997044
0.174279272556 1.9659999609
0.180096454918 1.97800004482
0.18591363728 1.99300003052
0.191730819643 2.00200009346
0.197548002005 2.01300001144
0.203365184367 2.02699995041
0.209182366729 2.03999996185
0.214999549091 2.05399990082
0.220816731453 2.06299996376
0.226633913815 2.07399988174
0.232451096177 2.09100008011
0.238268278539 2.10299992561
0.244085460901 2.1210000515
0.249902643263 2.132999897
0.255719825625 2.14499998093
0.261537007987 2.16000008583
0.26735419035 2.17300009727
0.273171372712 2.18899989128
0.278988555074 2.20399999619
0.284805737436 2.22399997711
0.290622919798 2.23600006104
0.29644010216 2.25200009346
0.302257284522 2.26999998093
0.308074466884 2.28500008583
0.313891649246 2.3029999733
0.319708831608 2.32399988174
0.32552601397 2.33599996567
0.331343196332 2.36100006104
0.337160378695 2.38000011444
0.342977561057 2.39599990845
0.348794743419 2.41599988937
0.354611925781 2.44000005722
0.360429108143 2.45900011063
0.366246290505 2.48200011253
0.372063472867 2.50300002098
0.377880655229 2.52399992943
0.383697837591 2.56999993324
0.389515019953 2.58899998665
0.395332202315 2.59699988365
0.401149384677 2.59800004959
0.406966567039 2.59599995613
0.412783749402 2.59400010109
0.418600931764 2.58500003815
0.424418114126 2.57800006866
0.430235296488 2.56500005722
0.43605247885 2.55399990082
0.441869661212 2.5569999218
0.447686843574 2.54600000381
0.453504025936 2.53399991989
0.459321208298 2.52099990845
0.46513839066 2.5150001049
0.470955573022 2.50600004196
0.476772755384 -1
0.482589937747 -1
0.488407120109 -1
0.494224302471 -1
0.500041484833 -1
0.505858667195 -1
0.511675849557 -1
0.517493031919 -1
0.523310214281 -1
0.529127396643 -1
0.534944579005 4.08699989319
0.540761761367 -1
0.546578943729 -1
0.552396126091 -1
0.558213308454 -1
0.564030490816 -1
0.569847673178 3.73900008202
0.57566485554 3.71600008011
0.581482037902 3.69799995422
0.587299220264 3.66000008583
0.593116402626 3.57100009918
0.598933584988 3.53900003433
0.60475076735 3.58299994469
0.610567949712 3.56500005722
0.616385132074 3.55500006676
0.622202314436 -1
0.628019496799 -1
0.633836679161 -1
0.639653861523 -1
0.645471043885 -1
0.651288226247 -1
0.657105408609 -1
0.662922590971 -1
0.668739773333 3.61400008202
0.674556955695 3.62700009346
0.680374138057 -1
0.686191320419 -1
0.692008502781 3.31200003624
0.697825685143 -1
0.703642867506 -1
0.709460049868 3.06200003624
0.71527723223 -1
0.721094414592 -1
0.726911596954 -1
0.732728779316 -1
0.738545961678 4.19299983978
0.74436314404 4.18699979782
0.750180326402 4.1810002327
0.755997508764 4.17899990082
0.761814691126 4.1779999733
0.767631873488 4.17299985886
0.773449055851 4.17000007629
0.779266238213 4.16099977493
0.785083420575 -1
0.790900602937 -1
0.796717785299 3.13100004196
0.802534967661 3.14400005341
0.808352150023 3.15700006485
0.814169332385 -1
0.819986514747 -1
0.825803697109 4.13899993896
0.831620879471 4.13100004196
0.837438061833 4.13000011444
0.843255244195 4.12799978256
0.849072426558 4.12599992752
0.85488960892 4.12599992752
0.860706791282 4.12200021744
0.866523973644 4.12099981308
0.872341156006 4.12400007248
0.878158338368 4.11600017548
0.88397552073 4.117000103
0.889792703092 4.117000103
0.895609885454 -1
0.901427067816 -1
0.907244250178 -1
0.91306143254 -1
0.918878614902 -1
0.924695797265 3.20499992371
0.930512979627 -1
0.936330161989 -1
0.942147344351 3.77999997139
0.947964526713 3.78500008583
0.953781709075 3.78600001335
0.959598891437 3.78999996185
0.965416073799 3.79500007629
0.971233256161 3.80599999428
0.977050438523 3.8029999733
0.982867620885 3.82399988174
0.988684803247 -1
0.99450198561 -1
1.00031916797 4.20699977875
1.00613635033 4.22700023651
1.0119535327 4.25400018692
1.01777071506 4.27299976349
1.02358789742 4.26300001144
1.02940507978 4.28800010681
1.03522226214 4.35799980164
1.04103944451 4.36899995804
1.04685662687 -1
1.05267380923 -1
1.05849099159 3.91599988937
1.06430817395 3.84200000763
1.07012535632 3.77500009537
1.07594253868 3.71000003815
1.08175972104 3.65000009537
1.0875769034 3.58800005913
1.09339408576 3.53500008583
1.09921126813 3.47900009155
1.10502845049 3.42100000381
1.11084563285 3.375
1.11666281521 3.32299995422
1.12247999758 3.27300000191
1.12829717994 3.22499990463
1.1341143623 3.18700003624
1.13993154466 -1
1.14574872702 -1
1.15156590939 -1
1.15738309175 -1
1.16320027411 -1
1.16901745647 -1
1.17483463883 3.4319999218
1.1806518212 3.44499993324
1.18646900356 -1
1.19228618592 -1
1.19810336828 -1
1.20392055064 -1
1.20973773301 1.11300003529
1.21555491537 1.08000004292
1.22137209773 1.0529999733
1.22718928009 1.04400002956
1.23300646245 1.02900004387
1.23882364482 1.02900004387
1.24464082718 1.01400005817
1.25045800954 1.00199997425
1.2562751919 0.992999970913
1.26209237427 0.995999991894
1.26790955663 0.986000001431
1.27372673899 0.973999977112
1.27954392135 0.973999977112
1.28536110371 0.975000023842
1.29117828608 0.976000010967
1.29699546844 0.972000002861
1.3028126508 0.972999989986
1.30862983316 0.952000021935
1.31444701552 0.955999970436
1.32026419789 0.95300000906
1.32608138025 0.962999999523
1.33189856261 0.958000004292
1.33771574497 0.962999999523
1.34353292733 0.958999991417
1.3493501097 0.961000025272
1.35516729206 0.952000021935
1.36098447442 0.945999979973
1.36680165678 0.949999988079
1.37261883914 0.947000026703
1.37843602151 0.929000020027
1.38425320387 0.925000011921
1.39007038623 0.922999978065
1.39588756859 0.917999982834
1.40170475096 0.913999974728
1.40752193332 0.915000021458
1.41333911568 0.913999974728
1.41915629804 -1
1.4249734804 -1
1.43079066277 1.01199996471
1.43660784513 0.998000025749
1.44242502749 0.995000004768
1.44824220985 0.991999983788
1.45405939221 0.998000025749
1.45987657458 1.00899994373
1.46569375694 1.00899994373
1.4715109393 1.01199996471
1.47732812166 -1
1.48314530402 -1
1.48896248639 -1
1.49477966875 1.42599999905
1.50059685111 1.43599998951
1.50641403347 1.43799996376
1.51223121583 1.45500004292
1.5180483982 1.45299994946
1.52386558056 1.47099995613
1.52968276292 1.47000002861
1.53549994528 1.48199999332
1.54131712765 1.48399996758
1.54713431001 1.49199998379
1.55295149237 1.50300002098
1.55876867473 1.50100004673
1.56458585709 1.51100003719
1.57040303946 1.51900005341
1.57622022182 1.5340000391
1.58203740418 1.54200005531
1.58785458654 1.54999995232
1.5936717689 1.56099998951
1.59948895127 1.57000005245
1.60530613363 1.58099997044
1.61112331599 1.58399999142
1.61694049835 1.59300005436
1.62275768071 1.54700005054
1.62857486308 -1
1.63439204544 -1
1.6402092278 1.63300001621
1.64602641016 1.65699994564
1.65184359252 1.65600001812
1.65766077489 1.66100001335
1.66347795725 1.67200005054
1.66929513961 1.68200004101
1.67511232197 1.69599997997
1.68092950433 1.70799994469
1.6867466867 1.71700000763
1.69256386906 1.72699999809
1.69838105142 1.73599994183
1.70419823378 1.74800002575
1.71001541615 1.75999999046
1.71583259851 1.76800000668
1.72164978087 1.78100001812
1.72746696323 1.78999996185
1.73328414559 1.80400002003
1.73910132796 1.81200003624
1.74491851032 1.82500004768
1.75073569268 1.8409999609
1.75655287504 1.85000002384
1.7623700574 1.86500000954
1.76818723977 1.87699997425
1.77400442213 1.88499999046
1.77982160449 1.89800000191
1.78563878685 1.91400003433
1.79145596921 1.92599999905
1.79727315158 1.94099998474
1.80309033394 1.95200002193
1.8089075163 1.96099996567
1.81472469866 1.98399996758
1.82054188102 1.99899995327
1.82635906339 2.01200008392
1.83217624575 2.03099989891
1.83799342811 2.04600000381
1.84381061047 2.06100010872
1.84962779284 2.07399988174
1.8554449752 2.09599995613
1.86126215756 2.117000103
1.86707933992 2.13000011444
1.87289652228 2.14700007439
1.87871370465 2.16300010681
1.88453088701 2.18499994278
1.89034806937 2.20600008965
1.89616525173 2.22000002861
1.90198243409 -1
1.90779961646 -1
1.91361679882 -1
1.91943398118 1.26400005817
1.92525116354 1.25100004673
