-1.91990637779 2.46799993515
-1.91408919543 -1
-1.90827201307 -1
-1.90245483071 -1
-1.89663764834 -1
-1.89082046598 -1
-1.88500328362 -1
-1.87918610126 -1
-1.8733689189 -1
-1.86755173653 -1
-1.86173455417 -1
-1.85591737181 -1
-1.85010018945 -1
-1.84428300709 2.04999995232
-1.83846582472 2.0529999733
-1.83264864236 2.06900000572
-1.82683146 2.04699993134
-1.82101427764 1.98599994183
-1.81519709527 1.99500000477
-1.80937991291 1.99199998379
-1.80356273055 1.99199998379
-1.79774554819 1.9960000515
-1.79192836583 2.00699996948
-1.78611118346 2.01999998093
-1.7802940011 2.01999998093
-1.77447681874 2.02699995041
-1.76865963638 2.04200005531
-1.76284245402 2.03999996185
-1.75702527165 2.0490000248
-1.75120808929 2.05599999428
-1.74539090693 2.05900001526
-1.73957372457 2.06900000572
-1.73375654221 2.07500004768
-1.72793935984 2.08999991417
-1.72212217748 2.09400010109
-1.71630499512 2.09999990463
-1.71048781276 2.10899996758
-1.7046706304 2.10899996758
-1.69885344803 2.13000011444
-1.69303626567 2.12599992752
-1.68721908331 2.14199995995
-1.68140190095 2.13800001144
-1.67558471859 2.15300011635
-1.66976753622 2.18400001526
-1.66395035386 2.1740000248
-1.6581331715 2.1740000248
-1.65231598914 -1
-1.64649880677 -1
-1.64068162441 3.85700011253
-1.63486444205 3.8710000515
-1.62904725969 3.88100004196
-1.62323007733 3.89700007439
-1.61741289496 3.90799999237
-1.6115957126 3.92499995232
-1.60577853024 3.93499994278
-1.59996134788 3.95199990273
-1.59414416552 3.96199989319
-1.58832698315 3.98000001907
-1.58250980079 3.9960000515
-1.57669261843 4.00899982452
-1.57087543607 4.01999998093
-1.56505825371 4.03800010681
-1.55924107134 4.05399990082
-1.55342388898 4.0689997673
-1.54760670662 4.08500003815
-1.54178952426 4.09899997711
-1.5359723419 4.117000103
-1.53015515953 4.13500022888
-1.52433797717 4.14900016785
-1.51852079481 -1
-1.51270361245 -1
-1.50688643008 -1
-1.50106924772 3.31599998474
-1.49525206536 3.31699991226
-1.489434883 3.26099991798
-1.48361770064 3.20900011063
-1.47780051827 3.22099995613
-1.47198333591 3.23000001907
-1.46616615355 3.21499991417
-1.46034897119 3.132999897
-1.45453178883 3.1099998951
-1.44871460646 3.08400011063
-1.4428974241 3.06299996376
-1.43708024174 3.04399991035
-1.43126305938 3.02600002289
-1.42544587702 3.03399991989
-1.41962869465 3.04999995232
-1.41381151229 3.06100010872
-1.40799432993 3.08999991417
-1.40217714757 3.13700008392
-1.39635996521 3.16300010681
-1.39054278284 3.1819999218
-1.38472560048 3.24399995804
-1.37890841812 3.28299999237
-1.37309123576 3.26799988747
-1.36727405339 3.25600004196
-1.36145687103 3.24099993706
-1.35563968867 3.22699999809
-1.34982250631 3.21700000763
-1.34400532395 3.22399997711
-1.33818814158 3.25300002098
-1.33237095922 3.28299999237
-1.32655377686 3.30999994278
-1.3207365945 3.33999991417
-1.31491941214 3.36800003052
-1.30910222977 3.39499998093
-1.30328504741 3.4279999733
-1.29746786505 -1
-1.29165068269 -1
-1.28583350033 4.53900003433
-1.28001631796 4.57800006866
-1.2741991356 4.60699987411
-1.26838195324 4.64900016785
-1.26256477088 4.69299983978
-1.25674758852 4.73500013351
-1.25093040615 4.77500009537
-1.24511322379 4.81599998474
-1.23929604143 4.85699987411
-1.23347885907 4.90700006485
-1.2276616767 4.94600009918
-1.22184449434 4.99599981308
-1.21602731198 5.03900003433
-1.21021012962 5.08199977875
-1.20439294726 5.132999897
-1.19857576489 -1
-1.19275858253 -1
-1.18694140017 2.1740000248
-1.18112421781 2.16400003433
-1.17530703545 2.16300010681
-1.16948985308 2.15599989891
-1.16367267072 2.15400004387
-1.15785548836 2.15300011635
-1.152038306 2.15799999237
-1.14622112364 2.16700005531
-1.14040394127 2.16700005531
-1.13458675891 -1
-1.12876957655 -1
-1.12295239419 2.3599998951
-1.11713521183 2.36500000954
-1.11131802946 2.36100006104
-1.1055008471 2.35700011253
-1.09968366474 2.35800004005
-1.09386648238 2.36400008202
-1.08804930001 -1
-1.08223211765 -1
-1.07641493529 -1
-1.07059775293 4.08199977875
-1.06478057057 4.01800012589
-1.0589633882 3.99699997902
-1.05314620584 3.97699999809
-1.04732902348 -1
-1.04151184112 -1
-1.03569465876 -1
-1.02987747639 1.53600001335
-1.02406029403 1.53299999237
-1.01824311167 1.53100001812
-1.01242592931 1.52300000191
-1.00660874695 1.51999998093
-1.00079156458 1.51600003242
-0.994974382222 1.51499998569
-0.98915719986 1.50999999046
-0.983340017498 1.50499999523
-0.977522835135 1.51499998569
-0.971705652773 1.50899994373
-0.965888470411 1.49899995327
-0.960071288049 1.49899995327
-0.954254105687 1.49399995804
-0.948436923325 1.50100004673
-0.942619740963 1.49800002575
-0.936802558601 1.49699997902
-0.930985376239 1.49199998379
-0.925168193877 1.48199999332
-0.919351011515 1.48699998856
-0.913533829153 1.48399996758
-0.907716646791 1.48399996758
-0.901899464428 1.47599995136
-0.896082282066 1.48199999332
-0.890265099704 1.47800004482
-0.884447917342 1.47899997234
-0.87863073498 1.47200000286
-0.872813552618 1.47399997711
-0.866996370256 1.47800004482
-0.861179187894 1.47000002861
-0.855362005532 1.47000002861
-0.84954482317 1.46399998665
-0.843727640808 1.46899998188
-0.837910458446 1.47599995136
-0.832093276083 1.47000002861
-0.826276093721 1.47399997711
-0.820458911359 1.46800005436
-0.814641728997 1.47200000286
-0.808824546635 1.47099995613
-0.803007364273 1.47099995613
-0.797190181911 1.47200000286
-0.791372999549 1.47399997711
-0.785555817187 1.47800004482
-0.779738634825 1.47300004959
-0.773921452463 1.47300004959
-0.768104270101 1.47300004959
-0.762287087739 1.48000001907
-0.756469905376 1.48399996758
-0.750652723014 1.48699998856
-0.744835540652 1.47300004959
-0.73901835829 1.47300004959
-0.733201175928 1.47800004482
-0.727383993566 1.47800004482
-0.721566811204 1.47699999809
-0.715749628842 1.47800004482
-0.70993244648 -1
-0.704115264118 -1
-0.698298081756 -1
-0.692480899394 -1
-0.686663717031 -1
-0.680846534669 -1
-0.675029352307 -1
-0.669212169945 -1
-0.663394987583 -1
-0.657577805221 -1
-0.651760622859 -1
-0.645943440497 -1
-0.640126258135 6.21099996567
-0.634309075773 6.03000020981
-0.628491893411 5.98799991608
-0.622674711049 -1
-0.616857528687 -1
-0.611040346324 -1
-0.605223163962 -1
-0.5994059816 -1
-0.593588799238 -1
-0.587771616876 -1
-0.581954434514 -1
-0.576137252152 5.55900001526
-0.57032006979 5.52799987793
-0.564502887428 -1
-0.558685705066 -1
-0.552868522704 -1
-0.547051340342 4.74399995804
-0.541234157979 -1
-0.535416975617 -1
-0.529599793255 -1
-0.523782610893 -1
-0.517965428531 6.48000001907
-0.512148246169 6.52199983597
-0.506331063807 6.59100008011
-0.500513881445 6.6779999733
-0.494696699083 6.80700016022
-0.488879516721 6.81799983978
-0.483062334359 6.80800008774
-0.477245151997 6.79099988937
-0.471427969635 6.77699995041
-0.465610787272 6.76000022888
-0.45979360491 6.74599981308
-0.453976422548 6.7389998436
-0.448159240186 6.73199987411
-0.442342057824 6.73500013351
-0.436524875462 6.73699998856
-0.4307076931 6.75400018692
-0.424890510738 6.77799987793
-0.419073328376 6.8060002327
-0.413256146014 6.84200000763
-0.407438963652 6.98299980164
-0.40162178129 -1
-0.395804598927 -1
-0.389987416565 -1
-0.384170234203 6.46099996567
-0.378353051841 6.43400001526
-0.372535869479 6.34000015259
-0.366718687117 6.15799999237
-0.360901504755 6.20399999619
-0.355084322393 6.25299978256
-0.349267140031 -1
-0.343449957669 -1
-0.337632775307 5.39300012589
-0.331815592945 5.36199998856
-0.325998410583 5.1970000267
-0.32018122822 5.12400007248
-0.314364045858 5.03499984741
-0.308546863496 4.992000103
-0.302729681134 4.98699998856
-0.296912498772 5.02799987793
-0.29109531641 5.11000013351
-0.285278134048 5.19999980927
-0.279460951686 5.07000017166
-0.273643769324 4.99700021744
-0.267826586962 -1
-0.2620094046 -1
-0.256192222238 -1
-0.250375039876 -1
-0.244557857513 -1
-0.238740675151 -1
-0.232923492789 1.3029999733
-0.227106310427 1.29600000381
-0.221289128065 1.26699995995
-0.215471945703 1.24000000954
-0.209654763341 1.20799994469
-0.203837580979 1.20000004768
-0.198020398617 1.21399998665
-0.192203216255 1.20200002193
-0.186386033893 1.20200002193
-0.180568851531 1.1779999733
-0.174751669168 1.15400004387
-0.168934486806 1.13199996948
-0.163117304444 1.12300002575
-0.157300122082 1.12399995327
-0.15148293972 1.11199998856
-0.145665757358 -1
-0.139848574996 -1
-0.134031392634 1.00800001621
-0.128214210272 1.0379999876
-0.12239702791 1.02199995518
-0.116579845548 1.01300001144
-0.110762663186 1.03199994564
-0.104945480824 1.02999997139
-0.0991282984614 1.02100002766
-0.0933111160994 1.01300001144
-0.0874939337373 1.01100003719
-0.0816767513752 0.992999970913
-0.0758595690131 0.990000009537
-0.070042386651 0.990000009537
-0.064225204289 0.999000012875
-0.0584080219269 0.990000009537
-0.0525908395648 0.995999991894
-0.0467736572027 1.0
-0.0409564748406 0.999000012875
-0.0351392924786 1.00600004196
-0.0293221101165 1.00899994373
-0.0235049277544 1.02400004864
-0.0176877453923 1.02600002289
-0.0118705630302 1.03699994087
-0.00605338066816 1.03100001812
-0.000236198306084 1.04299998283
0.005580984056 1.0379999876
0.0113981664181 1.02100002766
0.0172153487802 1.03499996662
0.0230325311422 1.0490000248
0.0288497135043 1.05400002003
0.0346668958664 1.05900001526
0.0404840782285 1.06500005722
0.0463012605906 1.0720000267
0.0521184429526 1.07299995422
0.0579356253147 1.08000004292
0.0637528076768 1.07400000095
0.0695699900389 1.0720000267
0.075387172401 -1
0.081204354763 -1
0.0870215371251 -1
0.0928387194872 1.83099997044
0.0986559018493 1.84000003338
0.104473084211 1.84700000286
0.110290266573 1.85000002384
0.116107448936 1.86199998856
0.121924631298 1.87399995327
0.12774181366 1.88199996948
0.133558996022 1.89100003242
0.139376178384 1.89999997616
0.145193360746 1.90999996662
0.151010543108 1.9240000248
0.15682772547 1.93299996853
0.162644907832 1.94799995422
0.168462090194 1.95299994946
0.174279272556 1.96500003338
0.180096454918 1.97599995136
0.18591363728 1.98899996281
0.191730819643 2.00099992752
0.197548002005 2.01300001144
0.203365184367 2.02699995041
0.209182366729 2.03699994087
0.214999549091 2.05100011826
0.220816731453 2.06299996376
0.226633913815 2.07899999619
0.232451096177 2.09599995613
0.238268278539 2.10400009155
0.244085460901 2.11500000954
0.249902643263 2.13199996948
0.255719825625 2.14299988747
0.261537007987 2.15599989891
0.26735419035 2.17499995232
0.273171372712 2.18899989128
0.278988555074 2.21099996567
0.284805737436 2.22199988365
0.290622919798 2.23799991608
0.29644010216 2.25300002098
0.302257284522 2.26900005341
0.308074466884 2.28699994087
0.313891649246 2.3029999733
0.319708831608 2.32299995422
0.32552601397 2.33899998665
0.331343196332 2.3599998951
0.337160378695 2.38100004196
0.342977561057 2.39599990845
0.348794743419 2.41899991035
0.354611925781 2.43700003624
0.360429108143 2.46000003815
0.366246290505 2.48099994659
0.372063472867 2.50500011444
0.377880655229 2.52500009537
0.383697837591 2.57399988174
0.389515019953 2.58999991417
0.395332202315 2.59400010109
0.401149384677 2.59800004959
0.406966567039 2.59400010109
0.412783749402 2.58800005913
0.418600931764 2.58100008965
0.424418114126 2.57699990273
0.430235296488 2.57800006866
0.43605247885 2.55900001526
0.441869661212 2.55100011826
0.447686843574 2.54399991035
0.453504025936 2.53299999237
0.459321208298 2.52300000191
0.46513839066 2.51699995995
0.470955573022 2.5039999485
0.476772755384 -1
0.482589937747 -1
0.488407120109 -1
0.494224302471 -1
0.500041484833 -1
0.505858667195 -1
0.511675849557 -1
0.517493031919 -1
0.523310214281 -1
0.529127396643 -1
0.534944579005 4.09499979019
0.540761761367 -1
0.546578943729 -1
0.552396126091 -1
0.558213308454 -1
0.564030490816 3.78200006485
0.569847673178 3.73900008202
0.57566485554 3.71499991417
0.581482037902 3.69400000572
0.587299220264 3.66199994087
0.593116402626 3.56699991226
0.598933584988 3.53500008583
0.60475076735 3.58100008965
0.610567949712 3.56399989128
0.616385132074 3.55599999428
0.622202314436 -1
0.628019496799 -1
0.633836679161 -1
0.639653861523 -1
0.645471043885 -1
0.651288226247 0.00200000009499
0.657105408609 -1
0.662922590971 -1
0.668739773333 3.61500000954
0.674556955695 3.625
0.680374138057 -1
0.686191320419 -1
0.692008502781 3.31500005722
0.697825685143 -1
0.703642867506 -1
0.709460049868 3.06200003624
0.71527723223 -1
0.721094414592 -1
0.726911596954 -1
0.732728779316 -1
0.738545961678 4.19600009918
0.74436314404 4.18699979782
0.750180326402 4.1810002327
0.755997508764 4.17999982834
0.761814691126 4.17100000381
0.767631873488 4.17000007629
0.773449055851 4.16599988937
0.779266238213 -1
0.785083420575 -1
0.790900602937 -1
0.796717785299 3.1289999485
0.802534967661 3.132999897
0.808352150023 3.14800000191
0.814169332385 -1
0.819986514747 -1
0.825803697109 4.13100004196
0.831620879471 4.12799978256
0.837438061833 4.12699985504
0.843255244195 4.12599992752
0.849072426558 4.11999988556
0.85488960892 4.12099981308
0.860706791282 4.11999988556
0.866523973644 4.117000103
0.872341156006 4.11600017548
0.878158338368 4.11299991608
0.88397552073 4.11100006104
0.889792703092 4.11299991608
0.895609885454 -1
0.901427067816 -1
0.907244250178 -1
0.91306143254 -1
0.918878614902 -1
0.924695797265 3.2009999752
0.930512979627 -1
0.936330161989 -1
0.942147344351 3.78200006485
0.947964526713 3.77999997139
0.953781709075 3.78800010681
0.959598891437 3.78500008583
0.965416073799 3.79099988937
0.971233256161 3.8029999733
0.977050438523 3.7990000248
0.982867620885 3.8220000267
0.988684803247 -1
0.99450198561 -1
1.00031916797 4.20800018311
1.00613635033 4.22800016403
1.0119535327 4.25299978256
1.01777071506 4.27400016785
1.02358789742 4.2610001564
1.02940507978 4.28800010681
1.03522226214 4.35699987411
1.04103944451 4.36299991608
1.04685662687 -1
1.05267380923 -1
1.05849099159 3.91700005531
1.06430817395 3.84400010109
1.07012535632 3.76699995995
1.07594253868 3.71300005913
1.08175972104 3.64700007439
1.0875769034 3.58599996567
1.09339408576 3.53500008583
1.09921126813 3.47099995613
1.10502845049 3.42000007629
1.11084563285 3.375
1.11666281521 3.3220000267
1.12247999758 3.27200007439
1.12829717994 3.22600007057
1.1341143623 3.19000005722
1.13993154466 -1
1.14574872702 -1
1.15156590939 -1
1.15738309175 -1
1.16320027411 -1
1.16901745647 -1
1.17483463883 3.43499994278
1.1806518212 3.4430000782
1.18646900356 -1
1.19228618592 -1
1.19810336828 -1
1.20392055064 -1
1.20973773301 1.11300003529
1.21555491537 1.08099997044
1.22137209773 1.04999995232
1.22718928009 1.04100000858
1.23300646245 1.04100000858
1.23882364482 1.02600002289
1.24464082718 1.01300001144
1.25045800954 0.998000025749
1.2562751919 0.990999996662
1.26209237427 0.994000017643
1.26790955663 0.987999975681
1.27372673899 0.975000023842
1.27954392135 0.977999985218
1.28536110371 0.981000006199
1.29117828608 0.981000006199
1.29699546844 0.972000002861
1.3028126508 0.961000025272
1.30862983316 0.954999983311
1.31444701552 0.958000004292
1.32026419789 0.955999970436
1.32608138025 0.959999978542
1.33189856261 0.967999994755
1.33771574497 0.958000004292
1.34353292733 0.962000012398
1.3493501097 0.957000017166
1.35516729206 0.952000021935
1.36098447442 0.955999970436
1.36680165678 0.953999996185
1.37261883914 0.947000026703
1.37843602151 0.929000020027
1.38425320387 0.926999986172
1.39007038623 0.925000011921
1.39588756859 0.919000029564
1.40170475096 0.917999982834
1.40752193332 0.913999974728
1.41333911568 0.919000029564
1.41915629804 -1
1.4249734804 -1
1.43079066277 1.00499999523
1.43660784513 1.00300002098
1.44242502749 0.990999996662
1.44824220985 0.990000009537
1.45405939221 0.989000022411
1.45987657458 1.00699996948
1.46569375694 1.0039999485
1.4715109393 1.00800001621
1.47732812166 -1
1.48314530402 -1
1.48896248639 -1
1.49477966875 1.41600000858
1.50059685111 1.4279999733
1.50641403347 1.43599998951
1.51223121583 1.44299995899
1.5180483982 1.4509999752
1.52386558056 1.45399999619
1.52968276292 1.46899998188
1.53549994528 1.47599995136
1.54131712765 1.48500001431
1.54713431001 1.49199998379
1.55295149237 1.49699997902
1.55876867473 1.50800001621
1.56458585709 1.50800001621
1.57040303946 1.52600002289
1.57622022182 1.53699994087
1.58203740418 1.53999996185
1.58785458654 1.5490000248
1.5936717689 1.56799995899
1.59948895127 1.56700003147
1.60530613363 1.58299994469
1.61112331599 1.58500003815
1.61694049835 1.59399998188
1.62275768071 1.54499995708
1.62857486308 -1
1.63439204544 -1
1.6402092278 1.63499999046
1.64602641016 1.64600002766
1.65184359252 1.65400004387
1.65766077489 1.66700005531
1.66347795725 1.6779999733
1.66929513961 1.68499994278
1.67511232197 1.69500005245
1.68092950433 1.70399999619
1.6867466867 1.71800005436
1.69256386906 1.72399997711
1.69838105142 1.73599994183
1.70419823378 1.74800002575
1.71001541615 1.75899994373
1.71583259851 1.77199995518
1.72164978087 1.77999997139
1.72746696323 1.78900003433
1.73328414559 1.80499994755
1.73910132796 1.81099998951
1.74491851032 1.82299995422
1.75073569268 1.8409999609
1.75655287504 1.85000002384
1.7623700574 1.86399996281
1.76818723977 1.8789999485
1.77400442213 1.88600003719
1.77982160449 1.89800000191
1.78563878685 1.9129999876
1.79145596921 1.92599999905
1.79727315158 1.94200003147
1.80309033394 1.9509999752
1.8089075163 1.9620000124
1.81472469866 1.98599994183
1.82054188102 1.9960000515
1.82635906339 2.01200008392
1.83217624575 2.03200006485
1.83799342811 2.04200005531
1.84381061047 2.06299996376
1.84962779284 2.07399988174
1.8554449752 2.09500002861
1.86126215756 2.11899995804
1.86707933992 2.132999897
1.87289652228 2.14499998093
1.87871370465 2.16000008583
1.88453088701 2.18799996376
1.89034806937 2.19799995422
1.89616525173 2.22000002861
1.90198243409 -1
1.90779961646 -1
1.91361679882 -1
1.91943398118 1.24500000477
1.92525116354 1.2460000515
