-1.91990637779 1.38199996948
-1.91408919543 1.39199995995
-1.90827201307 1.3789999485
-1.90245483071 1.37800002098
-1.89663764834 1.38100004196
-1.89082046598 1.36399996281
-1.88500328362 1.36500000954
-1.87918610126 1.35800004005
-1.8733689189 1.35599994659
-1.86755173653 1.34700000286
-1.86173455417 1.35399997234
-1.85591737181 1.34700000286
-1.85010018945 1.33000004292
-1.84428300709 1.33500003815
-1.83846582472 1.33399999142
-1.83264864236 1.32700002193
-1.82683146 1.32400000095
-1.82101427764 1.31700003147
-1.81519709527 1.31400001049
-1.80937991291 1.31400001049
-1.80356273055 1.31200003624
-1.79774554819 1.31299996376
-1.79192836583 1.31099998951
-1.78611118346 1.30099999905
-1.7802940011 1.29999995232
-1.77447681874 1.29200005531
-1.76865963638 1.2879999876
-1.76284245402 1.28699994087
-1.75702527165 1.27999997139
-1.75120808929 1.28999996185
-1.74539090693 1.27799999714
-1.73957372457 1.27999997139
-1.73375654221 1.27999997139
-1.72793935984 1.27100002766
-1.72212217748 1.27100002766
-1.71630499512 1.26900005341
-1.71048781276 1.25999999046
-1.7046706304 1.26199996471
-1.69885344803 1.26100003719
-1.69303626567 1.25600004196
-1.68721908331 1.25999999046
-1.68140190095 1.25600004196
-1.67558471859 1.24100005627
-1.66976753622 1.24699997902
-1.66395035386 1.25499999523
-1.6581331715 1.28499996662
-1.65231598914 1.31400001049
-1.64649880677 1.34300005436
-1.64068162441 1.37999999523
-1.63486444205 1.41100001335
-1.62904725969 1.44599997997
-1.62323007733 1.48399996758
-1.61741289496 1.52100002766
-1.6115957126 1.56400001049
-1.60577853024 1.60599994659
-1.59996134788 1.65199995041
-1.59414416552 1.69200003147
-1.58832698315 -1
-1.58250980079 -1
-1.57669261843 3.6779999733
-1.57087543607 3.67199993134
-1.56505825371 3.67499995232
-1.55924107134 3.67300009727
-1.55342388898 3.67899990082
-1.54760670662 3.67499995232
-1.54178952426 3.6740000248
-1.5359723419 3.67499995232
-1.53015515953 3.67300009727
-1.52433797717 3.67199993134
-1.51852079481 3.67100000381
-1.51270361245 3.67000007629
-1.50688643008 -1
-1.50106924772 -1
-1.49525206536 3.96499991417
-1.489434883 3.9960000515
-1.48361770064 -1
-1.47780051827 -1
-1.47198333591 2.35400009155
-1.46616615355 2.34400010109
-1.46034897119 2.34200000763
-1.45453178883 2.34400010109
-1.44871460646 2.34400010109
-1.4428974241 2.34400010109
-1.43708024174 2.34899997711
-1.43126305938 2.36199998856
-1.42544587702 2.34999990463
-1.41962869465 2.35400009155
-1.41381151229 2.35500001907
-1.40799432993 2.33899998665
-1.40217714757 2.33699989319
-1.39635996521 2.32999992371
-1.39054278284 2.3029999733
-1.38472560048 2.27900004387
-1.37890841812 2.27399992943
-1.37309123576 2.27399992943
-1.36727405339 2.27600002289
-1.36145687103 2.28200006485
-1.35563968867 2.3029999733
-1.34982250631 2.37700009346
-1.34400532395 2.3900001049
-1.33818814158 2.38499999046
-1.33237095922 2.38100004196
-1.32655377686 2.38100004196
-1.3207365945 2.37700009346
-1.31491941214 2.37199997902
-1.30910222977 2.35400009155
-1.30328504741 2.27900004387
-1.29746786505 2.24499988556
-1.29165068269 2.2349998951
-1.28583350033 2.23699998856
-1.28001631796 2.2349998951
-1.2741991356 2.23799991608
-1.26838195324 2.24499988556
-1.26256477088 2.24499988556
-1.25674758852 2.25600004196
-1.25093040615 2.26699995995
-1.24511322379 2.26699995995
-1.23929604143 2.25900006294
-1.23347885907 2.25699996948
-1.2276616767 2.24799990654
-1.22184449434 2.23099994659
-1.21602731198 2.22000002861
-1.21021012962 2.22000002861
-1.20439294726 2.21199989319
-1.19857576489 2.20700001717
-1.19275858253 2.20900011063
-1.18694140017 2.21099996567
-1.18112421781 -1
-1.17530703545 -1
-1.16948985308 -1
-1.16367267072 2.49799990654
-1.15785548836 2.49099993706
-1.152038306 2.4849998951
-1.14622112364 2.48399996758
-1.14040394127 2.47600007057
-1.13458675891 2.47699999809
-1.12876957655 2.47199988365
-1.12295239419 2.47000002861
-1.11713521183 2.46600008011
-1.11131802946 2.46300005913
-1.1055008471 2.45700001717
-1.09968366474 2.45300006866
-1.09386648238 2.44600009918
-1.08804930001 2.4470000267
-1.08223211765 2.44600009918
-1.07641493529 2.44499993324
-1.07059775293 2.44000005722
-1.06478057057 2.43499994278
-1.0589633882 2.35800004005
-1.05314620584 -1
-1.04732902348 -1
-1.04151184112 4.10500001907
-1.03569465876 4.11199998856
-1.02987747639 4.12200021744
-1.02406029403 4.13000011444
-1.01824311167 4.13199996948
-1.01242592931 4.14400005341
-1.00660874695 -1
-1.00079156458 -1
-0.994974382222 -1
-0.98915719986 2.61199998856
-0.983340017498 2.6099998951
-0.977522835135 2.61800003052
-0.971705652773 2.625
-0.965888470411 2.62599992752
-0.960071288049 -1
-0.954254105687 -1
-0.948436923325 2.40199995041
-0.942619740963 2.35100007057
-0.936802558601 2.30800008774
-0.930985376239 2.30900001526
-0.925168193877 2.27099990845
-0.919351011515 2.23600006104
-0.913533829153 2.21900010109
-0.907716646791 2.19600009918
-0.901899464428 2.19799995422
-0.896082282066 2.19499993324
-0.890265099704 2.20700001717
-0.884447917342 2.21799993515
-0.87863073498 -1
-0.872813552618 -1
-0.866996370256 2.04999995232
-0.861179187894 2.06100010872
-0.855362005532 2.07800006866
-0.84954482317 2.117000103
-0.843727640808 -1
-0.837910458446 -1
-0.832093276083 -1
-0.826276093721 4.54699993134
-0.820458911359 4.55999994278
-0.814641728997 4.57399988174
-0.808824546635 4.59600019455
-0.803007364273 4.61199998856
-0.797190181911 4.632999897
-0.791372999549 4.65199995041
-0.785555817187 4.66599988937
-0.779738634825 4.68400001526
-0.773921452463 4.6970000267
-0.768104270101 4.71899986267
-0.762287087739 4.742000103
-0.756469905376 4.76399993896
-0.750652723014 4.77400016785
-0.744835540652 4.79500007629
-0.73901835829 4.81199979782
-0.733201175928 4.82899999619
-0.727383993566 4.86499977112
-0.721566811204 4.86499977112
-0.715749628842 4.82999992371
-0.70993244648 4.78700017929
-0.704115264118 -1
-0.698298081756 -1
-0.692480899394 -1
-0.686663717031 3.71799993515
-0.680846534669 3.68300008774
-0.675029352307 3.64599990845
-0.669212169945 3.61899995804
-0.663394987583 3.59200000763
-0.657577805221 3.5529999733
-0.651760622859 3.52300000191
-0.645943440497 -1
-0.640126258135 -1
-0.634309075773 -1
-0.628491893411 -1
-0.622674711049 -1
-0.616857528687 -1
-0.611040346324 -1
-0.605223163962 -1
-0.5994059816 3.57299995422
-0.593588799238 3.57999992371
-0.587771616876 3.59899997711
-0.581954434514 3.61299991608
-0.576137252152 3.62199997902
-0.57032006979 -1
-0.564502887428 -1
-0.558685705066 3.37199997902
-0.552868522704 3.34999990463
-0.547051340342 3.32999992371
-0.541234157979 3.31500005722
-0.535416975617 3.29500007629
-0.529599793255 3.27399992943
-0.523782610893 3.257999897
-0.517965428531 3.23799991608
-0.512148246169 3.22399997711
-0.506331063807 3.20199990273
-0.500513881445 3.18899989128
-0.494696699083 3.17199993134
-0.488879516721 3.15300011635
-0.483062334359 3.13599991798
-0.477245151997 3.12199997902
-0.471427969635 3.1099998951
-0.465610787272 3.12400007248
-0.45979360491 3.15899991989
-0.453976422548 3.19099998474
-0.448159240186 3.18700003624
-0.442342057824 3.21900010109
-0.436524875462 3.23799991608
-0.4307076931 3.25
-0.424890510738 3.30200004578
-0.419073328376 3.34999990463
-0.413256146014 3.35500001907
-0.407438963652 -1
-0.40162178129 -1
-0.395804598927 -1
-0.389987416565 2.60899996758
-0.384170234203 -1
-0.378353051841 -1
-0.372535869479 -1
-0.366718687117 3.39299988747
-0.360901504755 3.38599991798
-0.355084322393 3.37199997902
-0.349267140031 3.36500000954
-0.343449957669 3.3900001049
-0.337632775307 3.42600011826
-0.331815592945 3.45799994469
-0.325998410583 3.49099993706
-0.32018122822 3.52600002289
-0.314364045858 3.55999994278
-0.308546863496 3.59800004959
-0.302729681134 3.63000011444
-0.296912498772 3.66700005531
-0.29109531641 -1
-0.285278134048 -1
-0.279460951686 2.09899997711
-0.273643769324 2.08699989319
-0.267826586962 2.08100008965
-0.2620094046 2.07999992371
-0.256192222238 2.0720000267
-0.250375039876 2.06900000572
-0.244557857513 2.06500005722
-0.238740675151 2.05399990082
-0.232923492789 2.0490000248
-0.227106310427 2.04800009727
-0.221289128065 2.03800010681
-0.215471945703 2.03600001335
-0.209654763341 2.03200006485
-0.203837580979 2.03699994087
-0.198020398617 2.06100010872
-0.192203216255 2.09500002861
-0.186386033893 2.117000103
-0.180568851531 2.14700007439
-0.174751669168 -1
-0.168934486806 -1
-0.163117304444 4.83199977875
-0.157300122082 4.89799976349
-0.15148293972 4.97200012207
-0.145665757358 -1
-0.139848574996 -1
-0.134031392634 4.71199989319
-0.128214210272 -1
-0.12239702791 -1
-0.116579845548 4.49700021744
-0.110762663186 4.48999977112
-0.104945480824 4.48299980164
-0.0991282984614 4.47599983215
-0.0933111160994 4.47100019455
-0.0874939337373 4.46400022507
-0.0816767513752 4.46099996567
-0.0758595690131 4.45200014114
-0.070042386651 4.44000005722
-0.064225204289 -1
-0.0584080219269 -1
-0.0525908395648 -1
-0.0467736572027 -1
-0.0409564748406 -1
-0.0351392924786 -1
-0.0293221101165 -1
-0.0235049277544 -1
-0.0176877453923 -1
-0.0118705630302 -1
-0.00605338066816 -1
-0.000236198306084 -1
0.005580984056 -1
0.0113981664181 -1
0.0172153487802 -1
0.0230325311422 5.87900018692
0.0288497135043 5.84399986267
0.0346668958664 5.80499982834
0.0404840782285 5.79199981689
0.0463012605906 5.78399991989
0.0521184429526 5.8109998703
0.0579356253147 5.77699995041
0.0637528076768 5.78100013733
0.0695699900389 5.77600002289
0.075387172401 5.77899980545
0.081204354763 -1
0.0870215371251 -1
0.0928387194872 -1
0.0986559018493 -1
0.104473084211 -1
0.110290266573 -1
0.116107448936 -1
0.121924631298 -1
0.12774181366 -1
0.133558996022 2.70799994469
0.139376178384 2.70799994469
0.145193360746 2.71099996567
0.151010543108 2.71099996567
0.15682772547 2.70199990273
0.162644907832 2.6930000782
0.168462090194 2.73099994659
0.174279272556 2.70700001717
0.180096454918 2.70300006866
0.18591363728 2.69499993324
0.191730819643 2.6930000782
0.197548002005 2.70199990273
0.203365184367 -1
0.209182366729 -1
0.214999549091 -1
0.220816731453 1.79999995232
0.226633913815 1.8029999733
0.232451096177 1.76699995995
0.238268278539 1.76900005341
0.244085460901 1.7460000515
0.249902643263 1.74800002575
0.255719825625 1.72800004482
0.261537007987 1.69200003147
0.26735419035 1.68499994278
0.273171372712 1.68099999428
0.278988555074 1.67599999905
0.284805737436 1.67700004578
0.290622919798 1.67499995232
0.29644010216 1.6740000248
0.302257284522 1.67299997807
0.308074466884 1.66900002956
0.313891649246 1.67100000381
0.319708831608 1.66799998283
0.32552601397 1.66700005531
0.331343196332 1.66799998283
0.337160378695 1.67100000381
0.342977561057 1.66999995708
0.348794743419 1.67499995232
0.354611925781 1.66999995708
0.360429108143 1.67999994755
0.366246290505 1.68700003624
0.372063472867 1.71099996567
0.377880655229 1.73399996758
0.383697837591 1.70299994946
0.389515019953 1.69799995422
0.395332202315 1.74300003052
0.401149384677 1.78999996185
0.406966567039 1.84899997711
0.412783749402 1.90999996662
0.418600931764 1.86500000954
0.424418114126 -1
0.430235296488 -1
0.43605247885 -1
0.441869661212 1.84899997711
0.447686843574 1.84899997711
0.453504025936 1.85699999332
0.459321208298 1.86300003529
0.46513839066 1.86500000954
0.470955573022 1.86899995804
0.476772755384 1.87800002098
0.482589937747 1.89100003242
0.488407120109 -1
0.494224302471 -1
0.500041484833 6.41800022125
0.505858667195 -1
0.511675849557 -1
0.517493031919 -1
0.523310214281 -1
0.529127396643 6.73400020599
0.534944579005 6.78499984741
0.540761761367 6.76300001144
0.546578943729 -1
0.552396126091 -1
0.558213308454 -1
0.564030490816 6.24700021744
0.569847673178 6.25500011444
0.57566485554 6.26999998093
0.581482037902 6.28200006485
0.587299220264 6.29600000381
0.593116402626 6.30900001526
0.598933584988 6.30399990082
0.60475076735 6.242000103
0.610567949712 6.12599992752
0.616385132074 -1
0.622202314436 -1
0.628019496799 5.07700014114
0.633836679161 5.09100008011
0.639653861523 5.09899997711
0.645471043885 5.11199998856
0.651288226247 5.12400007248
0.657105408609 5.14200019836
0.662922590971 5.15199995041
0.668739773333 5.16900014877
0.674556955695 -1
0.680374138057 -1
0.686191320419 3.19099998474
0.692008502781 3.18600010872
0.697825685143 -1
0.703642867506 -1
0.709460049868 -1
0.71527723223 -1
0.721094414592 3.19099998474
0.726911596954 3.18499994278
0.732728779316 3.17600011826
0.738545961678 3.17199993134
0.74436314404 3.16300010681
0.750180326402 3.15899991989
0.755997508764 3.15000009537
0.761814691126 3.14899992943
0.767631873488 3.14199995995
0.773449055851 3.132999897
0.779266238213 3.12299990654
0.785083420575 3.10500001907
0.790900602937 3.10400009155
0.796717785299 3.10400009155
0.802534967661 3.10899996758
0.808352150023 3.09999990463
0.814169332385 3.09200000763
0.819986514747 3.08500003815
0.825803697109 3.08699989319
0.831620879471 -1
0.837438061833 -1
0.843255244195 3.22900009155
0.849072426558 -1
0.85488960892 -1
0.860706791282 4.33099985123
0.866523973644 4.34899997711
0.872341156006 4.36999988556
0.878158338368 4.38999986649
0.88397552073 4.40999984741
0.889792703092 -1
0.895609885454 -1
0.901427067816 -1
0.907244250178 -1
0.91306143254 -1
0.918878614902 -1
0.924695797265 -1
0.930512979627 -1
0.936330161989 -1
0.942147344351 -1
0.947964526713 3.00900006294
0.953781709075 3.00699996948
0.959598891437 3.00699996948
0.965416073799 -1
0.971233256161 -1
0.977050438523 -1
0.982867620885 -1
0.988684803247 -1
0.99450198561 6.40100002289
1.00031916797 6.23999977112
1.00613635033 -1
1.0119535327 -1
1.01777071506 -1
1.02358789742 7.01900005341
1.02940507978 7.07000017166
1.03522226214 6.9279999733
1.04103944451 6.87099981308
1.04685662687 6.90700006485
1.05267380923 6.96799993515
1.05849099159 6.99700021744
1.06430817395 -1
1.07012535632 -1
1.07594253868 -1
1.08175972104 3.2650001049
1.0875769034 -1
1.09339408576 -1
1.09921126813 7.21600008011
1.10502845049 7.17999982834
1.11084563285 -1
1.11666281521 -1
1.12247999758 6.19000005722
1.12829717994 6.20300006866
1.1341143623 -1
1.13993154466 -1
1.14574872702 -1
1.15156590939 6.96799993515
1.15738309175 6.94799995422
1.16320027411 6.92500019073
1.16901745647 6.90000009537
1.17483463883 -1
1.1806518212 -1
1.18646900356 5.82999992371
1.19228618592 5.8220000267
1.19810336828 5.80399990082
1.20392055064 5.76900005341
1.20973773301 5.78299999237
1.21555491537 5.78100013733
1.22137209773 5.78399991989
1.22718928009 5.77899980545
1.23300646245 5.80700016022
1.23882364482 5.89599990845
1.24464082718 5.90000009537
1.25045800954 5.90999984741
1.2562751919 5.91900014877
1.26209237427 5.82899999619
1.26790955663 5.77500009537
1.27372673899 5.75600004196
1.27954392135 5.73699998856
1.28536110371 5.71799993515
1.29117828608 -1
1.29699546844 -1
1.3028126508 -1
1.30862983316 -1
1.31444701552 -1
1.32026419789 -1
1.32608138025 -1
1.33189856261 -1
1.33771574497 -1
1.34353292733 -1
1.3493501097 1.23300004005
1.35516729206 1.22000002861
1.36098447442 1.22200000286
1.36680165678 1.21899998188
1.37261883914 1.20500004292
1.37843602151 -1
1.38425320387 -1
1.39007038623 -1
1.39588756859 1.13999998569
1.40170475096 1.13699996471
1.40752193332 1.13499999046
1.41333911568 1.13300001621
1.41915629804 1.13499999046
1.4249734804 1.12600004673
1.43079066277 1.12600004673
1.43660784513 1.125
1.44242502749 1.12199997902
1.44824220985 1.11899995804
1.45405939221 1.11899995804
1.45987657458 1.11399996281
1.46569375694 1.11000001431
1.4715109393 1.10699999332
1.47732812166 1.11500000954
1.48314530402 1.10399997234
1.48896248639 1.10500001907
1.49477966875 1.10899996758
1.50059685111 1.10199999809
1.50641403347 1.10099995136
1.51223121583 1.09399998188
1.5180483982 1.09599995613
1.52386558056 1.08500003815
1.52968276292 1.09399998188
1.53549994528 1.08099997044
1.54131712765 1.09300005436
1.54713431001 1.08800005913
1.55295149237 1.07799994946
1.55876867473 1.08500003815
1.56458585709 1.07899999619
1.57040303946 1.07700002193
1.57622022182 1.08000004292
1.58203740418 1.07899999619
1.58785458654 1.07799994946
1.5936717689 1.07700002193
1.59948895127 1.07099997997
1.60530613363 1.07400000095
1.61112331599 1.08299994469
1.61694049835 1.07000005245
1.62275768071 1.07700002193
1.62857486308 1.07299995422
1.63439204544 1.06700003147
1.6402092278 1.06900000572
1.64602641016 1.06700003147
1.65184359252 1.07400000095
1.65766077489 1.06700003147
1.66347795725 1.05999994278
1.66929513961 1.06799995899
1.67511232197 1.05900001526
1.68092950433 1.06799995899
1.6867466867 1.05999994278
1.69256386906 1.06599998474
1.69838105142 1.06099998951
1.70419823378 1.05599999428
1.71001541615 1.05900001526
1.71583259851 1.05900001526
1.72164978087 1.05499994755
1.72746696323 1.05700004101
1.73328414559 1.05999994278
1.73910132796 1.06500005722
1.74491851032 1.05599999428
1.75073569268 1.05900001526
1.75655287504 1.05200004578
1.7623700574 1.0529999733
1.76818723977 1.05799996853
1.77400442213 1.05799996853
1.77982160449 1.05400002003
1.78563878685 1.05799996853
1.79145596921 1.05499994755
1.79727315158 1.05599999428
1.80309033394 1.04999995232
1.8089075163 1.05900001526
1.81472469866 1.05400002003
1.82054188102 1.05099999905
1.82635906339 1.05799996853
1.83217624575 1.05700004101
1.83799342811 1.05599999428
1.84381061047 1.06299996376
1.84962779284 1.05900001526
1.8554449752 1.06200003624
1.86126215756 1.06400001049
1.86707933992 1.06500005722
1.87289652228 1.05900001526
1.87871370465 1.06599998474
1.88453088701 1.05700004101
1.89034806937 1.05900001526
1.89616525173 1.07099997997
1.90198243409 1.05999994278
1.90779961646 1.06299996376
1.91361679882 1.0720000267
1.91943398118 1.07000005245
1.92525116354 1.05999994278
