-1.91990637779 2.46799993515
-1.91408919543 -1
-1.90827201307 -1
-1.90245483071 -1
-1.89663764834 -1
-1.89082046598 -1
-1.88500328362 -1
-1.87918610126 -1
-1.8733689189 -1
-1.86755173653 -1
-1.86173455417 -1
-1.85591737181 -1
-1.85010018945 -1
-1.84428300709 2.05100011826
-1.83846582472 2.05399990082
-1.83264864236 2.06100010872
-1.82683146 2.04699993134
-1.82101427764 1.99500000477
-1.81519709527 1.98899996281
-1.80937991291 1.99100005627
-1.80356273055 1.99199998379
-1.79774554819 2.007999897
-1.79192836583 2.00999999046
-1.78611118346 2.01300001144
-1.7802940011 2.01699995995
-1.77447681874 2.02999997139
-1.76865963638 2.04099988937
-1.76284245402 2.04099988937
-1.75702527165 2.05500006676
-1.75120808929 2.0529999733
-1.74539090693 2.06500005722
-1.73957372457 2.06900000572
-1.73375654221 2.0720000267
-1.72793935984 2.08400011063
-1.72212217748 2.10199999809
-1.71630499512 2.09800004959
-1.71048781276 2.09699988365
-1.7046706304 2.1099998951
-1.69885344803 2.117000103
-1.69303626567 2.13100004196
-1.68721908331 2.13899993896
-1.68140190095 2.15100002289
-1.67558471859 2.16100001335
-1.66976753622 2.18099999428
-1.66395035386 2.17600011826
-1.6581331715 2.18400001526
-1.65231598914 -1
-1.64649880677 -1
-1.64068162441 3.8599998951
-1.63486444205 3.86999988556
-1.62904725969 3.88599991798
-1.62323007733 3.89499998093
-1.61741289496 3.91199994087
-1.6115957126 3.92199993134
-1.60577853024 3.93899989128
-1.59996134788 3.95199990273
-1.59414416552 3.96799993515
-1.58832698315 3.98000001907
-1.58250980079 3.99499988556
-1.57669261843 4.007999897
-1.57087543607 4.02099990845
-1.56505825371 4.03700017929
-1.55924107134 4.0529999733
-1.55342388898 4.06799983978
-1.54760670662 4.08799982071
-1.54178952426 4.10099983215
-1.5359723419 4.1139998436
-1.53015515953 4.132999897
-1.52433797717 4.14599990845
-1.51852079481 -1
-1.51270361245 -1
-1.50688643008 -1
-1.50106924772 3.32100009918
-1.49525206536 3.31699991226
-1.489434883 3.26200008392
-1.48361770064 3.21099996567
-1.47780051827 3.22000002861
-1.47198333591 3.23099994659
-1.46616615355 3.21399998665
-1.46034897119 3.13199996948
-1.45453178883 3.10599994659
-1.44871460646 3.08699989319
-1.4428974241 3.06299996376
-1.43708024174 3.04600000381
-1.43126305938 3.02500009537
-1.42544587702 3.03200006485
-1.41962869465 3.03999996185
-1.41381151229 3.05999994278
-1.40799432993 3.08899998665
-1.40217714757 3.13899993896
-1.39635996521 3.16300010681
-1.39054278284 3.1819999218
-1.38472560048 3.242000103
-1.37890841812 3.27800011635
-1.37309123576 3.26999998093
-1.36727405339 3.25699996948
-1.36145687103 3.24099993706
-1.35563968867 3.22799992561
-1.34982250631 3.21600008011
-1.34400532395 3.22300004959
-1.33818814158 3.25099992752
-1.33237095922 3.27999997139
-1.32655377686 3.31100010872
-1.3207365945 3.33999991417
-1.31491941214 3.36800003052
-1.30910222977 3.39400005341
-1.30328504741 3.43000006676
-1.29746786505 -1
-1.29165068269 -1
-1.28583350033 4.54099988937
-1.28001631796 4.57899999619
-1.2741991356 4.61299991608
-1.26838195324 4.64699983597
-1.26256477088 4.69099998474
-1.25674758852 4.73299980164
-1.25093040615 4.77699995041
-1.24511322379 4.81500005722
-1.23929604143 4.86299991608
-1.23347885907 4.90600013733
-1.2276616767 4.94899988174
-1.22184449434 4.98999977112
-1.21602731198 5.03900003433
-1.21021012962 5.08199977875
-1.20439294726 5.132999897
-1.19857576489 5.1890001297
-1.19275858253 5.23500013351
-1.18694140017 5.28900003433
-1.18112421781 5.35300016403
-1.17530703545 5.39099979401
-1.16948985308 5.44500017166
-1.16367267072 5.51200008392
-1.15785548836 5.5640001297
-1.152038306 5.63399982452
-1.14622112364 -1
-1.14040394127 -1
-1.13458675891 -1
-1.12876957655 -1
-1.12295239419 2.77900004387
-1.11713521183 2.757999897
-1.11131802946 2.74699997902
-1.1055008471 -1
-1.09968366474 -1
-1.09386648238 6.24700021744
-1.08804930001 -1
-1.08223211765 -1
-1.07641493529 -1
-1.07059775293 4.08099985123
-1.06478057057 4.02199983597
-1.0589633882 3.9960000515
-1.05314620584 3.98200011253
-1.04732902348 -1
-1.04151184112 -1
-1.03569465876 -1
-1.02987747639 1.53499996662
-1.02406029403 1.52999997139
-1.01824311167 1.52699995041
-1.01242592931 1.52799999714
-1.00660874695 1.52100002766
-1.00079156458 1.51300001144
-0.994974382222 1.51699995995
-0.98915719986 1.50800001621
-0.983340017498 1.50999999046
-0.977522835135 1.51300001144
-0.971705652773 1.50699996948
-0.965888470411 1.50600004196
-0.960071288049 1.49699997902
-0.954254105687 1.49500000477
-0.948436923325 1.49300003052
-0.942619740963 1.49699997902
-0.936802558601 1.48899996281
-0.930985376239 1.49399995804
-0.925168193877 1.49000000954
-0.919351011515 1.48899996281
-0.913533829153 1.48500001431
-0.907716646791 1.48899996281
-0.901899464428 1.49199998379
-0.896082282066 1.47899997234
-0.890265099704 1.47899997234
-0.884447917342 1.47800004482
-0.87863073498 1.47200000286
-0.872813552618 1.46899998188
-0.866996370256 1.47599995136
-0.861179187894 1.47099995613
-0.855362005532 1.46899998188
-0.84954482317 1.47000002861
-0.843727640808 1.46899998188
-0.837910458446 1.47099995613
-0.832093276083 1.47099995613
-0.826276093721 1.46399998665
-0.820458911359 1.47000002861
-0.814641728997 1.47099995613
-0.808824546635 1.47300004959
-0.803007364273 1.47000002861
-0.797190181911 1.47699999809
-0.791372999549 1.47399997711
-0.785555817187 1.47200000286
-0.779738634825 1.47399997711
-0.773921452463 1.47899997234
-0.768104270101 1.47800004482
-0.762287087739 1.48300004005
-0.756469905376 1.47699999809
-0.750652723014 1.48300004005
-0.744835540652 1.47599995136
-0.73901835829 1.47599995136
-0.733201175928 1.48599994183
-0.727383993566 1.47599995136
-0.721566811204 1.48399996758
-0.715749628842 1.48000001907
-0.70993244648 -1
-0.704115264118 -1
-0.698298081756 -1
-0.692480899394 -1
-0.686663717031 -1
-0.680846534669 -1
-0.675029352307 -1
-0.669212169945 -1
-0.663394987583 -1
-0.657577805221 -1
-0.651760622859 -1
-0.645943440497 -1
-0.640126258135 -1
-0.634309075773 -1
-0.628491893411 5.98299980164
-0.622674711049 -1
-0.616857528687 -1
-0.611040346324 -1
-0.605223163962 -1
-0.5994059816 -1
-0.593588799238 -1
-0.587771616876 -1
-0.581954434514 -1
-0.576137252152 5.5609998703
-0.57032006979 5.53299999237
-0.564502887428 -1
-0.558685705066 -1
-0.552868522704 -1
-0.547051340342 4.742000103
-0.541234157979 -1
-0.535416975617 -1
-0.529599793255 -1
-0.523782610893 -1
-0.517965428531 6.47800016403
-0.512148246169 6.51399993896
-0.506331063807 6.59100008011
-0.500513881445 6.6779999733
-0.494696699083 6.80200004578
-0.488879516721 6.8189997673
-0.483062334359 6.81199979782
-0.477245151997 6.79699993134
-0.471427969635 6.77299976349
-0.465610787272 6.757999897
-0.45979360491 6.74499988556
-0.453976422548 6.73600006104
-0.448159240186 6.73299980164
-0.442342057824 6.73199987411
-0.436524875462 6.73600006104
-0.4307076931 6.75299978256
-0.424890510738 6.77699995041
-0.419073328376 6.8109998703
-0.413256146014 6.84200000763
-0.407438963652 6.98199987411
-0.40162178129 -1
-0.395804598927 -1
-0.389987416565 -1
-0.384170234203 6.46000003815
-0.378353051841 6.4359998703
-0.372535869479 6.34700012207
-0.366718687117 6.15600013733
-0.360901504755 6.20599985123
-0.355084322393 6.13500022888
-0.349267140031 -1
-0.343449957669 -1
-0.337632775307 5.38700008392
-0.331815592945 5.35900020599
-0.325998410583 5.19799995422
-0.32018122822 5.12799978256
-0.314364045858 5.03700017929
-0.308546863496 4.992000103
-0.302729681134 4.98299980164
-0.296912498772 5.03200006485
-0.29109531641 5.10400009155
-0.285278134048 5.20100021362
-0.279460951686 5.07299995422
-0.273643769324 5.0
-0.267826586962 -1
-0.2620094046 -1
-0.256192222238 -1
-0.250375039876 -1
-0.244557857513 -1
-0.238740675151 -1
-0.232923492789 1.30400002003
-0.227106310427 1.29100000858
-0.221289128065 1.26800000668
-0.215471945703 1.23500001431
-0.209654763341 1.20899999142
-0.203837580979 1.1970000267
-0.198020398617 1.2120000124
-0.192203216255 1.1970000267
-0.186386033893 1.20200002193
-0.180568851531 1.17999994755
-0.174751669168 1.15100002289
-0.168934486806 1.13199996948
-0.163117304444 1.12399995327
-0.157300122082 1.12300002575
-0.15148293972 1.11000001431
-0.145665757358 -1
-0.139848574996 -1
-0.134031392634 1.00999999046
-0.128214210272 1.03900003433
-0.12239702791 1.01699995995
-0.116579845548 1.01600003242
-0.110762663186 1.03199994564
-0.104945480824 1.03100001812
-0.0991282984614 1.01499998569
-0.0933111160994 1.00699996948
-0.0874939337373 1.01100003719
-0.0816767513752 0.995999991894
-0.0758595690131 0.981000006199
-0.070042386651 0.986000001431
-0.064225204289 1.0
-0.0584080219269 0.995000004768
-0.0525908395648 1.0039999485
-0.0467736572027 1.00199997425
-0.0409564748406 0.998000025749
-0.0351392924786 1.00899994373
-0.0293221101165 1.00600004196
-0.0235049277544 1.02400004864
-0.0176877453923 1.0340000391
-0.0118705630302 1.03299999237
-0.00605338066816 1.03600001335
-0.000236198306084 1.04499995708
0.005580984056 1.03699994087
0.0113981664181 1.02300000191
0.0172153487802 1.03600001335
0.0230325311422 1.0490000248
0.0288497135043 1.04999995232
0.0346668958664 1.05700004101
0.0404840782285 1.06700003147
0.0463012605906 1.06900000572
0.0521184429526 1.06599998474
0.0579356253147 1.07799994946
0.0637528076768 1.07099997997
0.0695699900389 1.07099997997
0.075387172401 -1
0.081204354763 -1
0.0870215371251 -1
0.0928387194872 1.82799994946
0.0986559018493 1.83599996567
0.104473084211 1.84500002861
0.110290266573 1.85000002384
0.116107448936 1.86099994183
0.121924631298 1.87600004673
0.12774181366 1.88100004196
0.133558996022 1.88999998569
0.139376178384 1.90400004387
0.145193360746 1.9129999876
0.151010543108 1.9240000248
0.15682772547 1.93599998951
0.162644907832 1.94099998474
0.168462090194 1.95399999619
0.174279272556 1.96399998665
0.180096454918 1.98099994659
0.18591363728 1.98599994183
0.191730819643 2.00099992752
0.197548002005 2.01600003242
0.203365184367 2.02800011635
0.209182366729 2.03800010681
0.214999549091 2.05399990082
0.220816731453 2.06100010872
0.226633913815 2.07899999619
0.232451096177 2.09100008011
0.238268278539 2.10500001907
0.244085460901 2.1210000515
0.249902643263 2.132999897
0.255719825625 2.14499998093
0.261537007987 2.16100001335
0.26735419035 2.17899990082
0.273171372712 2.18899989128
0.278988555074 2.20499992371
0.284805737436 2.22199988365
0.290622919798 2.23799991608
0.29644010216 2.2539999485
0.302257284522 2.27200007439
0.308074466884 2.28500008583
0.313891649246 2.30399990082
0.319708831608 2.31999993324
0.32552601397 2.33999991417
0.331343196332 2.36400008202
0.337160378695 2.3789999485
0.342977561057 2.39499998093
0.348794743419 2.41899991035
0.354611925781 2.44000005722
0.360429108143 2.45700001717
0.366246290505 2.48099994659
0.372063472867 2.50099992752
0.377880655229 2.52200007439
0.383697837591 2.57100009918
0.389515019953 2.58699989319
0.395332202315 2.59200000763
0.401149384677 2.59800004959
0.406966567039 2.59599995613
0.412783749402 2.59100008011
0.418600931764 2.58800005913
0.424418114126 2.5759999752
0.430235296488 2.56699991226
0.43605247885 2.5529999733
0.441869661212 2.55100011826
0.447686843574 2.54399991035
0.453504025936 2.53099989891
0.459321208298 2.52300000191
0.46513839066 2.51999998093
0.470955573022 2.50500011444
0.476772755384 -1
0.482589937747 -1
0.488407120109 -1
0.494224302471 -1
0.500041484833 -1
0.505858667195 -1
0.511675849557 -1
0.517493031919 -1
0.523310214281 -1
0.529127396643 -1
0.534944579005 4.08900022507
0.540761761367 -1
0.546578943729 -1
0.552396126091 -1
0.558213308454 -1
0.564030490816 3.77800011635
0.569847673178 3.74399995804
0.57566485554 3.71499991417
0.581482037902 3.6930000782
0.587299220264 3.66100001335
0.593116402626 3.57100009918
0.598933584988 3.53200006485
0.60475076735 3.58100008965
0.610567949712 3.56500005722
0.616385132074 3.5569999218
0.622202314436 -1
0.628019496799 -1
0.633836679161 -1
0.639653861523 -1
0.645471043885 -1
0.651288226247 -1
0.657105408609 -1
0.662922590971 -1
0.668739773333 3.61100006104
0.674556955695 3.62599992752
0.680374138057 -1
0.686191320419 -1
0.692008502781 3.31599998474
0.697825685143 -1
0.703642867506 -1
0.709460049868 3.05900001526
0.71527723223 -1
0.721094414592 -1
0.726911596954 -1
0.732728779316 -1
0.738545961678 4.1890001297
0.74436314404 4.1890001297
0.750180326402 4.18300008774
0.755997508764 4.18200016022
0.761814691126 4.1779999733
0.767631873488 4.17399978638
0.773449055851 4.16699981689
0.779266238213 -1
0.785083420575 -1
0.790900602937 -1
0.796717785299 3.13499999046
0.802534967661 3.13899993896
0.808352150023 3.15000009537
0.814169332385 -1
0.819986514747 -1
0.825803697109 4.13700008392
0.831620879471 4.13700008392
0.837438061833 4.12699985504
0.843255244195 4.12799978256
0.849072426558 4.125
0.85488960892 4.11999988556
0.860706791282 4.12099981308
0.866523973644 4.12099981308
0.872341156006 4.11899995804
0.878158338368 4.12400007248
0.88397552073 4.12099981308
0.889792703092 4.117000103
0.895609885454 -1
0.901427067816 -1
0.907244250178 -1
0.91306143254 -1
0.918878614902 -1
0.924695797265 3.20900011063
0.930512979627 -1
0.936330161989 -1
0.942147344351 3.78399991989
0.947964526713 3.78200006485
0.953781709075 3.78600001335
0.959598891437 3.78600001335
0.965416073799 3.78900003433
0.971233256161 3.79999995232
0.977050438523 3.80100011826
0.982867620885 3.81999993324
0.988684803247 -1
0.99450198561 -1
1.00031916797 4.20800018311
1.00613635033 4.22800016403
1.0119535327 4.25400018692
1.01777071506 4.27400016785
1.02358789742 4.26300001144
1.02940507978 4.28299999237
1.03522226214 4.35500001907
1.04103944451 4.37400007248
1.04685662687 -1
1.05267380923 -1
1.05849099159 3.91400003433
1.06430817395 3.84299993515
1.07012535632 3.77200007439
1.07594253868 3.71300005913
1.08175972104 3.65100002289
1.0875769034 3.58999991417
1.09339408576 3.53699994087
1.09921126813 3.48000001907
1.10502845049 3.42600011826
1.11084563285 3.37800002098
1.11666281521 3.3220000267
1.12247999758 3.26900005341
1.12829717994 3.22900009155
1.1341143623 3.19000005722
1.13993154466 -1
1.14574872702 -1
1.15156590939 -1
1.15738309175 -1
1.16320027411 -1
1.16901745647 -1
1.17483463883 3.43499994278
1.1806518212 3.44499993324
1.18646900356 -1
1.19228618592 -1
1.19810336828 -1
1.20392055064 -1
1.20973773301 -1
1.21555491537 -1
1.22137209773 1.05400002003
1.22718928009 1.04799997807
1.23300646245 1.0379999876
1.23882364482 1.02699995041
1.24464082718 1.02100002766
1.25045800954 0.990999996662
1.2562751919 1.00100004673
1.26209237427 0.992999970913
1.26790955663 0.986999988556
1.27372673899 0.976999998093
1.27954392135 0.981999993324
1.28536110371 0.966000020504
1.29117828608 0.972000002861
1.29699546844 0.963999986649
1.3028126508 0.963999986649
1.30862983316 0.949000000954
1.31444701552 0.958999991417
1.32026419789 0.955999970436
1.32608138025 0.966000020504
1.33189856261 0.966000020504
1.33771574497 0.967999994755
1.34353292733 0.961000025272
1.3493501097 0.958000004292
1.35516729206 0.953999996185
1.36098447442 0.953999996185
1.36680165678 0.950999975204
1.37261883914 0.940999984741
1.37843602151 0.931999981403
1.38425320387 0.927999973297
1.39007038623 0.917999982834
1.39588756859 0.919000029564
1.40170475096 0.913999974728
1.40752193332 0.912000000477
1.41333911568 0.917999982834
1.41915629804 -1
1.4249734804 -1
1.43079066277 1.00899994373
1.43660784513 1.00199997425
1.44242502749 0.998000025749
1.44824220985 0.990999996662
1.45405939221 1.00100004673
1.45987657458 1.00499999523
1.46569375694 1.00699996948
1.4715109393 1.00999999046
1.47732812166 -1
1.48314530402 -1
1.48896248639 -1
1.49477966875 1.42100000381
1.50059685111 1.43499994278
1.50641403347 1.44400000572
1.51223121583 1.44099998474
1.5180483982 1.45200002193
1.52386558056 1.46399998665
1.52968276292 1.46700000763
1.53549994528 1.47399997711
1.54131712765 1.48199999332
1.54713431001 1.49100005627
1.55295149237 1.50100004673
1.55876867473 1.50499999523
1.56458585709 1.51800000668
1.57040303946 1.53499996662
1.57622022182 1.52699995041
1.58203740418 1.54299998283
1.58785458654 1.54400002956
1.5936717689 1.56299996376
1.59948895127 1.57099997997
1.60530613363 1.57400000095
1.61112331599 1.5870000124
1.61694049835 -1
1.62275768071 -1
1.62857486308 -1
1.63439204544 -1
1.6402092278 1.63499999046
1.64602641016 1.64400005341
1.65184359252 1.65400004387
1.65766077489 1.6629999876
1.66347795725 1.67599999905
1.66929513961 1.68700003624
1.67511232197 1.69099998474
1.68092950433 1.70500004292
1.6867466867 1.71700000763
1.69256386906 1.72599995136
1.69838105142 1.73399996758
1.70419823378 1.74800002575
1.71001541615 1.75699996948
1.71583259851 1.76300001144
1.72164978087 1.77699995041
1.72746696323 1.78999996185
1.73328414559 1.79700005054
1.73910132796 1.81200003624
1.74491851032 1.82400000095
1.75073569268 1.83599996567
1.75655287504 1.84800004959
1.7623700574 1.86300003529
1.76818723977 1.87399995327
1.77400442213 1.88699996471
1.77982160449 1.90100002289
1.78563878685 1.91600000858
1.79145596921 1.92599999905
1.79727315158 1.94099998474
1.80309033394 1.95000004768
1.8089075163 1.96000003815
1.81472469866 1.98300004005
1.82054188102 1.99699997902
1.82635906339 2.01399993896
1.83217624575 2.02999997139
1.83799342811 2.04800009727
1.84381061047 2.05900001526
1.84962779284 2.07800006866
1.8554449752 2.09699988365
1.86126215756 2.11100006104
1.86707933992 2.13000011444
1.87289652228 2.15100002289
1.87871370465 2.16499996185
1.88453088701 2.17899990082
1.89034806937 2.20399999619
1.89616525173 2.22099995613
1.90198243409 -1
1.90779961646 -1
1.91361679882 -1
1.91943398118 1.25100004673
1.92525116354 1.24199998379
