-1.91990637779 -1
-1.91408919543 -1
-1.90827201307 2.65899991989
-1.90245483071 2.65100002289
-1.89663764834 2.64499998093
-1.89082046598 -1
-1.88500328362 -1
-1.87918610126 -1
-1.8733689189 -1
-1.86755173653 2.625
-1.86173455417 2.62299990654
-1.85591737181 2.6099998951
-1.85010018945 2.60599994659
-1.84428300709 2.60400009155
-1.83846582472 2.59500002861
-1.83264864236 2.58999991417
-1.82683146 2.58500003815
-1.82101427764 2.57999992371
-1.81519709527 2.58500003815
-1.80937991291 2.57299995422
-1.80356273055 2.56999993324
-1.79774554819 2.56200003624
-1.79192836583 2.56699991226
-1.78611118346 2.5529999733
-1.7802940011 2.54600000381
-1.77447681874 2.54099988937
-1.76865963638 2.54399991035
-1.76284245402 2.53800010681
-1.75702527165 2.52600002289
-1.75120808929 2.53299999237
-1.74539090693 2.52900004387
-1.73957372457 2.52200007439
-1.73375654221 2.51999998093
-1.72793935984 2.52200007439
-1.72212217748 2.51399993896
-1.71630499512 2.53999996185
-1.71048781276 2.60599994659
-1.7046706304 2.68700003624
-1.69885344803 2.76999998093
-1.69303626567 -1
-1.68721908331 -1
-1.68140190095 4.36199998856
-1.67558471859 4.37300014496
-1.66976753622 4.37599992752
-1.66395035386 -1
-1.6581331715 -1
-1.65231598914 6.00699996948
-1.64649880677 6.00600004196
-1.64068162441 6.01000022888
-1.63486444205 6.00400018692
-1.62904725969 -1
-1.62323007733 -1
-1.61741289496 6.66400003433
-1.6115957126 -1
-1.60577853024 -1
-1.59996134788 5.17600011826
-1.59414416552 -1
-1.58832698315 -1
-1.58250980079 6.75899982452
-1.57669261843 -1
-1.57087543607 -1
-1.56505825371 -1
-1.55924107134 -1
-1.55342388898 -1
-1.54760670662 -1
-1.54178952426 12.9510002136
-1.5359723419 12.9560003281
-1.53015515953 12.9560003281
-1.52433797717 12.9610004425
-1.51852079481 12.9639997482
-1.51270361245 12.9709997177
-1.50688643008 12.9809999466
-1.50106924772 -1
-1.49525206536 -1
-1.489434883 11.0860004425
-1.48361770064 11.1049995422
-1.47780051827 11.093000412
-1.47198333591 11.1190004349
-1.46616615355 11.2139997482
-1.46034897119 11.3009996414
-1.45453178883 11.1649999619
-1.44871460646 11.2980003357
-1.4428974241 -1
-1.43708024174 -1
-1.43126305938 10.7980003357
-1.42544587702 10.7910003662
-1.41962869465 10.7580003738
-1.41381151229 -1
-1.40799432993 -1
-1.40217714757 -1
-1.39635996521 -1
-1.39054278284 -1
-1.38472560048 -1
-1.37890841812 -1
-1.37309123576 2.14400005341
-1.36727405339 2.11400008202
-1.36145687103 2.08299994469
-1.35563968867 2.03999996185
-1.34982250631 1.99699997902
-1.34400532395 1.98099994659
-1.33818814158 1.95799994469
-1.33237095922 1.92299997807
-1.32655377686 1.89800000191
-1.3207365945 1.87199997902
-1.31491941214 1.85199999809
-1.30910222977 -1
-1.30328504741 -1
-1.29746786505 1.76600003242
-1.29165068269 1.75600004196
-1.28583350033 1.73199999332
-1.28001631796 1.71000003815
-1.2741991356 1.69799995422
-1.26838195324 1.67599999905
-1.26256477088 1.65299999714
-1.25674758852 1.63800001144
-1.25093040615 1.61099994183
-1.24511322379 1.59899997711
-1.23929604143 1.58299994469
-1.23347885907 1.56500005722
-1.2276616767 1.53900003433
-1.22184449434 1.52900004387
-1.21602731198 1.50800001621
-1.21021012962 1.4960000515
-1.20439294726 1.48199999332
-1.19857576489 1.46300005913
-1.19275858253 1.4470000267
-1.18694140017 1.43599998951
-1.18112421781 1.41100001335
-1.17530703545 1.40299999714
-1.16948985308 1.39499998093
-1.16367267072 1.375
-1.15785548836 1.36699998379
-1.152038306 1.35399997234
-1.14622112364 1.34500002861
-1.14040394127 1.33200001717
-1.13458675891 1.32700002193
-1.12876957655 1.30999994278
-1.12295239419 1.29400002956
-1.11713521183 1.28299999237
-1.11131802946 1.27400004864
-1.1055008471 1.26800000668
-1.09968366474 1.25
-1.09386648238 1.24000000954
-1.08804930001 1.23800003529
-1.08223211765 1.22000002861
-1.07641493529 1.21800005436
-1.07059775293 1.20399999619
-1.06478057057 1.19599997997
-1.0589633882 1.18799996376
-1.05314620584 1.1740000248
-1.04732902348 1.16999995708
-1.04151184112 1.1629999876
-1.03569465876 1.14499998093
-1.02987747639 1.14800000191
-1.02406029403 1.14100003242
-1.01824311167 1.12999999523
-1.01242592931 1.12699997425
-1.00660874695 1.12399995327
-1.00079156458 1.13399994373
-0.994974382222 1.14900004864
-0.98915719986 1.15799999237
-0.983340017498 1.15299999714
-0.977522835135 1.15600001812
-0.971705652773 1.15499997139
-0.965888470411 1.16499996185
-0.960071288049 1.17299997807
-0.954254105687 1.17999994755
-0.948436923325 1.18599998951
-0.942619740963 1.19599997997
-0.936802558601 1.1970000267
-0.930985376239 1.2120000124
-0.925168193877 1.2120000124
-0.919351011515 1.22399997711
-0.913533829153 1.23699998856
-0.907716646791 1.23699998856
-0.901899464428 -1
-0.896082282066 -1
-0.890265099704 -1
-0.884447917342 1.10699999332
-0.87863073498 1.09899997711
-0.872813552618 1.09300005436
-0.866996370256 1.08000004292
-0.861179187894 1.06799995899
-0.855362005532 1.06500005722
-0.84954482317 1.05599999428
-0.843727640808 1.02600002289
-0.837910458446 1.04200005531
-0.832093276083 1.04499995708
-0.826276093721 1.04200005531
-0.820458911359 1.03600001335
-0.814641728997 1.02199995518
-0.808824546635 0.994000017643
-0.803007364273 1.00999999046
-0.797190181911 1.01499998569
-0.791372999549 1.00699996948
-0.785555817187 1.00100004673
-0.779738634825 0.990999996662
-0.773921452463 0.98299998045
-0.768104270101 0.990000009537
-0.762287087739 0.967000007629
-0.756469905376 0.967000007629
-0.750652723014 0.967999994755
-0.744835540652 0.964999973774
-0.73901835829 0.958000004292
-0.733201175928 0.95300000906
-0.727383993566 0.944999992847
-0.721566811204 0.943000018597
-0.715749628842 0.941999971867
-0.70993244648 0.929000020027
-0.704115264118 0.930000007153
-0.698298081756 0.925999999046
-0.692480899394 0.919000029564
-0.686663717031 0.912999987602
-0.680846534669 0.915000021458
-0.675029352307 0.911000013351
-0.669212169945 0.907000005245
-0.663394987583 0.898000001907
-0.657577805221 0.902000010014
-0.651760622859 0.897000014782
-0.645943440497 0.896000027657
-0.640126258135 0.89099997282
-0.634309075773 0.882000029087
-0.628491893411 0.880999982357
-0.622674711049 0.875
-0.616857528687 0.867999970913
-0.611040346324 0.870999991894
-0.605223163962 0.865000009537
-0.5994059816 0.865999996662
-0.593588799238 0.85900002718
-0.587771616876 0.853999972343
-0.581954434514 0.847999989986
-0.576137252152 -1
-0.57032006979 -1
-0.564502887428 -1
-0.558685705066 0.661000013351
-0.552868522704 0.65600001812
-0.547051340342 0.653999984264
-0.541234157979 0.651000022888
-0.535416975617 0.65600001812
-0.529599793255 0.646000027657
-0.523782610893 0.643999993801
-0.517965428531 0.643000006676
-0.512148246169 0.648999989033
-0.506331063807 0.661000013351
-0.500513881445 0.666999995708
-0.494696699083 0.675000011921
-0.488879516721 0.680999994278
-0.483062334359 0.677999973297
-0.477245151997 0.67199999094
-0.471427969635 0.666999995708
-0.465610787272 0.670000016689
-0.45979360491 0.669000029564
-0.453976422548 0.662999987602
-0.448159240186 0.660000026226
-0.442342057824 0.657999992371
-0.436524875462 0.661000013351
-0.4307076931 0.660000026226
-0.424890510738 0.661000013351
-0.419073328376 0.649999976158
-0.413256146014 0.649999976158
-0.407438963652 0.653999984264
-0.40162178129 -1
-0.395804598927 -1
-0.389987416565 -1
-0.384170234203 0.601999998093
-0.378353051841 0.597999989986
-0.372535869479 0.601999998093
-0.366718687117 0.59500002861
-0.360901504755 0.591000020504
-0.355084322393 0.596000015736
-0.349267140031 0.592000007629
-0.343449957669 0.589999973774
-0.337632775307 0.592999994755
-0.331815592945 0.587999999523
-0.325998410583 0.602999985218
-0.32018122822 0.601000010967
-0.314364045858 0.598999977112
-0.308546863496 0.596000015736
-0.302729681134 0.60799998045
-0.296912498772 0.606999993324
-0.29109531641 0.59399998188
-0.285278134048 0.598999977112
-0.279460951686 -1
-0.273643769324 -1
-0.267826586962 0.666999995708
-0.2620094046 -1
-0.256192222238 -1
-0.250375039876 0.736999988556
-0.244557857513 0.731999993324
-0.238740675151 0.745000004768
-0.232923492789 0.755999982357
-0.227106310427 0.754999995232
-0.221289128065 0.75
-0.215471945703 0.745999991894
-0.209654763341 0.744000017643
-0.203837580979 0.736999988556
-0.198020398617 -1
-0.192203216255 -1
-0.186386033893 -1
-0.180568851531 0.739000022411
-0.174751669168 0.740999996662
-0.168934486806 -1
-0.163117304444 -1
-0.157300122082 -1
-0.15148293972 -1
-0.145665757358 0.744000017643
-0.139848574996 0.736999988556
-0.134031392634 0.746999979019
-0.128214210272 0.737999975681
-0.12239702791 0.744000017643
-0.116579845548 0.73299998045
-0.110762663186 0.736000001431
-0.104945480824 0.741999983788
-0.0991282984614 0.735000014305
-0.0933111160994 0.745000004768
-0.0874939337373 0.739000022411
-0.0816767513752 0.73400002718
-0.0758595690131 0.744000017643
-0.070042386651 0.739000022411
-0.064225204289 0.744000017643
-0.0584080219269 0.745000004768
-0.0525908395648 0.739000022411
-0.0467736572027 0.739000022411
-0.0409564748406 0.740000009537
-0.0351392924786 0.740000009537
-0.0293221101165 0.736999988556
-0.0235049277544 0.737999975681
-0.0176877453923 0.741999983788
-0.0118705630302 0.73400002718
-0.00605338066816 0.740999996662
-0.000236198306084 0.746999979019
0.005580984056 0.736999988556
0.0113981664181 0.735000014305
0.0172153487802 0.739000022411
0.0230325311422 0.741999983788
0.0288497135043 0.741999983788
0.0346668958664 0.739000022411
0.0404840782285 0.740999996662
0.0463012605906 0.740000009537
0.0521184429526 0.740000009537
0.0579356253147 0.740999996662
0.0637528076768 0.748000025749
0.0695699900389 0.744000017643
0.075387172401 0.749000012875
0.081204354763 0.750999987125
0.0870215371251 0.745000004768
0.0928387194872 0.749000012875
0.0986559018493 0.749000012875
0.104473084211 0.748000025749
0.110290266573 0.745999991894
0.116107448936 0.746999979019
0.121924631298 0.751999974251
0.12774181366 0.750999987125
0.133558996022 0.746999979019
0.139376178384 0.746999979019
0.145193360746 0.749000012875
0.151010543108 0.762000024319
0.15682772547 0.754999995232
0.162644907832 0.763000011444
0.168462090194 0.759999990463
0.174279272556 0.757000029087
0.180096454918 0.759000003338
0.18591363728 0.760999977589
0.191730819643 0.76599997282
0.197548002005 0.76599997282
0.203365184367 0.763000011444
0.209182366729 0.764999985695
0.214999549091 0.768000006676
0.220816731453 0.763000011444
0.226633913815 0.771000027657
0.232451096177 0.76599997282
0.238268278539 0.768999993801
0.244085460901 0.768999993801
0.249902643263 0.778999984264
0.255719825625 0.769999980927
0.261537007987 0.76700001955
0.26735419035 0.769999980927
0.273171372712 0.773999989033
0.278988555074 0.774999976158
0.284805737436 0.774999976158
0.290622919798 0.77999997139
0.29644010216 0.77999997139
0.302257284522 0.78100001812
0.308074466884 0.78100001812
0.313891649246 0.786000013351
0.319708831608 0.787000000477
0.32552601397 0.790000021458
0.331343196332 0.791999995708
0.337160378695 0.788999974728
0.342977561057 0.791999995708
0.348794743419 0.799000024796
0.354611925781 0.800000011921
0.360429108143 0.802999973297
0.366246290505 0.797999978065
0.372063472867 0.800000011921
0.377880655229 0.809000015259
0.383697837591 0.806999981403
0.389515019953 0.81400001049
0.395332202315 0.81400001049
0.401149384677 0.813000023365
0.406966567039 0.814999997616
0.412783749402 -1
0.418600931764 -1
0.424418114126 -1
0.430235296488 0.825999975204
0.43605247885 0.82800000906
0.441869661212 0.829999983311
0.447686843574 0.836000025272
0.453504025936 0.838999986649
0.459321208298 0.837999999523
0.46513839066 0.839999973774
0.470955573022 0.847000002861
0.476772755384 0.84500002861
0.482589937747 0.847999989986
0.488407120109 0.850000023842
0.494224302471 0.856999993324
0.500041484833 0.861000001431
0.505858667195 0.866999983788
0.511675849557 0.865000009537
0.517493031919 0.873000025749
0.523310214281 0.870999991894
0.529127396643 0.875
0.534944579005 0.880999982357
0.540761761367 0.885999977589
0.546578943729 0.887000024319
0.552396126091 0.887000024319
0.558213308454 0.89200001955
0.564030490816 0.896000027657
0.569847673178 0.901000022888
0.57566485554 0.901000022888
0.581482037902 0.910000026226
0.587299220264 0.911000013351
0.593116402626 0.915000021458
0.598933584988 0.916999995708
0.60475076735 0.929000020027
0.610567949712 0.924000024796
0.616385132074 0.934000015259
0.622202314436 0.931999981403
0.628019496799 0.944000005722
0.633836679161 0.939999997616
0.639653861523 0.95300000906
0.645471043885 0.958000004292
0.651288226247 0.964999973774
0.657105408609 0.959999978542
0.662922590971 0.971000015736
0.668739773333 0.973999977112
0.674556955695 0.976999998093
0.680374138057 0.986999988556
0.686191320419 0.994000017643
0.692008502781 -1
0.697825685143 -1
0.703642867506 1.09000003338
0.709460049868 1.0870000124
0.71527723223 -1
0.721094414592 -1
0.726911596954 0.989000022411
0.732728779316 0.986000001431
0.738545961678 0.986999988556
0.74436314404 -1
0.750180326402 -1
0.755997508764 -1
0.761814691126 1.0039999485
0.767631873488 -1
0.773449055851 -1
0.779266238213 -1
0.785083420575 0.728999972343
0.790900602937 0.726999998093
0.796717785299 -1
0.802534967661 -1
0.808352150023 -1
0.814169332385 -1
0.819986514747 -1
0.825803697109 1.08599996567
0.831620879471 1.08000004292
0.837438061833 1.08099997044
0.843255244195 1.07899999619
0.849072426558 -1
0.85488960892 -1
0.860706791282 -1
0.866523973644 3.05500006676
0.872341156006 3.05800008774
0.878158338368 3.05399990082
0.88397552073 3.03999996185
0.889792703092 3.02300000191
0.895609885454 3.00600004196
0.901427067816 2.99799990654
0.907244250178 2.98000001907
0.91306143254 2.96399998665
0.918878614902 2.95300006866
0.924695797265 2.94000005722
0.930512979627 2.92700004578
0.936330161989 2.91199994087
0.942147344351 2.90300011635
0.947964526713 2.8900001049
0.953781709075 -1
0.959598891437 -1
0.965416073799 -1
0.971233256161 -1
0.977050438523 -1
0.982867620885 -1
0.988684803247 -1
0.99450198561 -1
1.00031916797 -1
1.00613635033 0.883000016212
1.0119535327 0.879999995232
1.01777071506 0.876999974251
1.02358789742 -1
1.02940507978 -1
1.03522226214 1.78900003433
1.04103944451 1.78499996662
1.04685662687 1.77499997616
1.05267380923 1.77199995518
1.05849099159 1.77100002766
1.06430817395 1.76600003242
1.07012535632 1.76300001144
1.07594253868 1.76400005817
1.08175972104 1.78199994564
1.0875769034 1.77100002766
1.09339408576 -1
1.09921126813 -1
1.10502845049 2.15199995041
1.11084563285 2.15400004387
1.11666281521 2.16300010681
1.12247999758 2.16400003433
1.12829717994 2.17000007629
1.1341143623 2.1740000248
1.13993154466 2.18499994278
1.14574872702 2.18799996376
1.15156590939 2.19199991226
1.15738309175 2.19799995422
1.16320027411 2.21199989319
1.16901745647 2.22099995613
1.17483463883 2.23099994659
1.1806518212 2.23900008202
1.18646900356 2.2460000515
1.19228618592 2.2539999485
1.19810336828 -1
1.20392055064 -1
1.20973773301 -1
1.21555491537 -1
1.22137209773 2.24300003052
1.22718928009 -1
1.23300646245 -1
1.23882364482 -1
1.24464082718 3.01099991798
1.25045800954 3.00600004196
1.2562751919 2.9960000515
1.26209237427 2.99399995804
1.26790955663 2.98099994659
1.27372673899 2.98300004005
1.27954392135 2.96799993515
1.28536110371 2.97000002861
1.29117828608 2.96399998665
1.29699546844 2.95600008965
1.3028126508 -1
1.30862983316 -1
1.31444701552 -1
1.32026419789 2.0759999752
1.32608138025 2.06200003624
1.33189856261 2.06399989128
1.33771574497 2.06699991226
1.34353292733 2.07500004768
1.3493501097 2.05800008774
1.35516729206 2.04600000381
1.36098447442 -1
1.36680165678 -1
1.37261883914 -1
1.37843602151 -1
1.38425320387 -1
1.39007038623 2.02500009537
1.39588756859 2.01699995995
1.40170475096 2.007999897
1.40752193332 2.00500011444
1.41333911568 2.03699994087
1.41915629804 2.04699993134
1.4249734804 2.03999996185
1.43079066277 2.04800009727
1.43660784513 2.05399990082
1.44242502749 -1
1.44824220985 -1
1.45405939221 -1
1.45987657458 1.3409999609
1.46569375694 1.33000004292
1.4715109393 1.32700002193
1.47732812166 1.33299994469
1.48314530402 1.33299994469
1.48896248639 -1
1.49477966875 -1
1.50059685111 -1
1.50641403347 -1
1.51223121583 2.07999992371
1.5180483982 2.06900000572
1.52386558056 2.06500005722
1.52968276292 2.03999996185
1.53549994528 -1
1.54131712765 -1
1.54713431001 -1
1.55295149237 1.61000001431
1.55876867473 1.59200000763
1.56458585709 1.59399998188
1.57040303946 1.57899999619
1.57622022182 1.56299996376
1.58203740418 1.55599999428
1.58785458654 1.5529999733
1.5936717689 -1
1.59948895127 -1
1.60530613363 -1
1.61112331599 0.837000012398
1.61694049835 0.819999992847
1.62275768071 0.806999981403
1.62857486308 0.797999978065
1.63439204544 0.783999979496
1.6402092278 0.778999984264
1.64602641016 0.768999993801
1.65184359252 0.76599997282
1.65766077489 0.762000024319
1.66347795725 0.753000020981
1.66929513961 0.757000029087
1.67511232197 0.750999987125
1.68092950433 0.742999970913
1.6867466867 0.737999975681
1.69256386906 -1
1.69838105142 -1
1.70419823378 -1
1.71001541615 -1
1.71583259851 1.22599995136
1.72164978087 1.23399996758
1.72746696323 -1
1.73328414559 -1
1.73910132796 -1
1.74491851032 2.4960000515
1.75073569268 2.50699996948
1.75655287504 2.52099990845
1.7623700574 2.55800008774
1.76818723977 2.60500001907
1.77400442213 2.62299990654
1.77982160449 2.63700008392
1.78563878685 2.66799998283
1.79145596921 2.757999897
1.79727315158 2.84500002861
1.80309033394 2.85199999809
1.8089075163 2.85899996758
1.81472469866 2.85199999809
1.82054188102 2.85299992561
1.82635906339 2.84699988365
1.83217624575 2.83899998665
1.83799342811 2.83899998665
1.84381061047 2.83500003815
1.84962779284 2.8259999752
1.8554449752 2.81900000572
1.86126215756 2.81900000572
1.86707933992 2.81699991226
1.87289652228 2.81299996376
1.87871370465 2.8069999218
1.88453088701 2.7990000248
1.89034806937 2.79699993134
1.89616525173 2.79299998283
1.90198243409 2.79299998283
1.90779961646 2.78500008583
1.91361679882 2.79399991035
1.91943398118 2.79800009727
1.92525116354 2.79999995232
