-1.91990637779 1.27100002766
-1.91408919543 1.25800001621
-1.90827201307 1.24100005627
-1.90245483071 1.25
-1.89663764834 1.27199995518
-1.89082046598 1.27699995041
-1.88500328362 1.29299998283
-1.87918610126 -1
-1.8733689189 -1
-1.86755173653 1.23300004005
-1.86173455417 1.24800002575
-1.85591737181 1.22899997234
-1.85010018945 1.23800003529
-1.84428300709 1.2159999609
-1.83846582472 1.1779999733
-1.83264864236 1.18499994278
-1.82683146 1.21899998188
-1.82101427764 1.22099995613
-1.81519709527 1.22599995136
-1.80937991291 1.2159999609
-1.80356273055 1.21700000763
-1.79774554819 1.2159999609
-1.79192836583 1.22300004959
-1.78611118346 1.21700000763
-1.7802940011 1.21099996567
-1.77447681874 1.21800005436
-1.76865963638 1.25199997425
-1.76284245402 -1
-1.75702527165 -1
-1.75120808929 1.14999997616
-1.74539090693 1.15199995041
-1.73957372457 1.15199995041
-1.73375654221 1.15400004387
-1.72793935984 1.14999997616
-1.72212217748 1.14199995995
-1.71630499512 1.15600001812
-1.71048781276 1.15199995041
-1.7046706304 1.15199995041
-1.69885344803 1.14699995518
-1.69303626567 1.14900004864
-1.68721908331 1.14300000668
-1.68140190095 1.14999997616
-1.67558471859 1.14699995518
-1.66976753622 1.14999997616
-1.66395035386 1.15199995041
-1.6581331715 1.14400005341
-1.65231598914 1.15100002289
-1.64649880677 1.14900004864
-1.64068162441 1.15199995041
-1.63486444205 1.15199995041
-1.62904725969 1.15699994564
-1.62323007733 1.14999997616
-1.61741289496 1.15400004387
-1.6115957126 1.14699995518
-1.60577853024 1.14600002766
-1.59996134788 1.15100002289
-1.59414416552 -1
-1.58832698315 -1
-1.58250980079 -1
-1.57669261843 -1
-1.57087543607 -1
-1.56505825371 -1
-1.55924107134 -1
-1.55342388898 -1
-1.54760670662 -1
-1.54178952426 -1
-1.5359723419 3.82299995422
-1.53015515953 3.81900000572
-1.52433797717 -1
-1.51852079481 -1
-1.51270361245 -1
-1.50688643008 3.81599998474
-1.50106924772 3.81500005722
-1.49525206536 3.81500005722
-1.489434883 3.81399989128
-1.48361770064 3.81299996376
-1.47780051827 3.81599998474
-1.47198333591 3.81500005722
-1.46616615355 3.81399989128
-1.46034897119 3.81500005722
-1.45453178883 3.81500005722
-1.44871460646 3.80100011826
-1.4428974241 3.81399989128
-1.43708024174 3.81699991226
-1.43126305938 -1
-1.42544587702 -1
-1.41962869465 -1
-1.41381151229 -1
-1.40799432993 4.05900001526
-1.40217714757 4.05999994278
-1.39635996521 4.0609998703
-1.39054278284 4.05900001526
-1.38472560048 4.05999994278
-1.37890841812 4.05800008774
-1.37309123576 -1
-1.36727405339 -1
-1.36145687103 -1
-1.35563968867 1.13800001144
-1.34982250631 -1
-1.34400532395 -1
-1.33818814158 -1
-1.33237095922 -1
-1.32655377686 -1
-1.3207365945 -1
-1.31491941214 -1
-1.30910222977 -1
-1.30328504741 5.56599998474
-1.29746786505 -1
-1.29165068269 -1
-1.28583350033 -1
-1.28001631796 -1
-1.2741991356 2.5529999733
-1.26838195324 2.55100011826
-1.26256477088 2.5569999218
-1.25674758852 2.57500004768
-1.25093040615 -1
-1.24511322379 -1
-1.23929604143 11.1370000839
-1.23347885907 11.1499996185
-1.2276616767 11.1660003662
-1.22184449434 11.1949996948
-1.21602731198 11.218000412
-1.21021012962 -1
-1.20439294726 -1
-1.19857576489 1.18299996853
-1.19275858253 -1
-1.18694140017 -1
-1.18112421781 -1
-1.17530703545 3.74799990654
-1.16948985308 3.68499994278
-1.16367267072 3.70700001717
-1.15785548836 3.63700008392
-1.152038306 3.56399989128
-1.14622112364 3.50500011444
-1.14040394127 3.46000003815
-1.13458675891 3.39899992943
-1.12876957655 3.32899999619
-1.12295239419 3.26600003242
-1.11713521183 3.2460000515
-1.11131802946 3.21900010109
-1.1055008471 3.17899990082
-1.09968366474 3.13199996948
-1.09386648238 3.09299993515
-1.08804930001 3.0490000248
-1.08223211765 3.01399993896
-1.07641493529 2.97099995613
-1.07059775293 2.93799996376
-1.06478057057 2.90100002289
-1.0589633882 2.86299991608
-1.05314620584 2.83400011063
-1.04732902348 2.79699993134
-1.04151184112 2.76099991798
-1.03569465876 2.73099994659
-1.02987747639 2.70499992371
-1.02406029403 2.67300009727
-1.01824311167 2.64800000191
-1.01242592931 2.61500000954
-1.00660874695 2.58800005913
-1.00079156458 2.56100010872
-0.994974382222 2.53999996185
-0.98915719986 2.54299998283
-0.983340017498 2.53699994087
-0.977522835135 2.5529999733
-0.971705652773 2.56900000572
-0.965888470411 2.5720000267
-0.960071288049 2.58299994469
-0.954254105687 2.59299993515
-0.948436923325 2.60299992561
-0.942619740963 2.51999998093
-0.936802558601 2.49399995804
-0.930985376239 -1
-0.925168193877 -1
-0.919351011515 2.42600011826
-0.913533829153 2.40899991989
-0.907716646791 2.35299992561
-0.901899464428 2.36899995804
-0.896082282066 2.35800004005
-0.890265099704 -1
-0.884447917342 -1
-0.87863073498 -1
-0.872813552618 -1
-0.866996370256 -1
-0.861179187894 2.0
-0.855362005532 1.99500000477
-0.84954482317 2.00099992752
-0.843727640808 2.01200008392
-0.837910458446 2.00699996948
-0.832093276083 1.95000004768
-0.826276093721 1.90499997139
-0.820458911359 1.89199995995
-0.814641728997 1.89600002766
-0.808824546635 1.89699995518
-0.803007364273 1.90600001812
-0.797190181911 1.91400003433
-0.791372999549 1.9240000248
-0.785555817187 1.93599998951
-0.779738634825 1.94799995422
-0.773921452463 1.9470000267
-0.768104270101 2.00699996948
-0.762287087739 2.02500009537
-0.756469905376 2.00600004196
-0.750652723014 1.99899995327
-0.744835540652 1.98099994659
-0.73901835829 1.9659999609
-0.733201175928 1.95000004768
-0.727383993566 1.94299995899
-0.721566811204 1.94200003147
-0.715749628842 1.92599999905
-0.70993244648 1.9129999876
-0.704115264118 1.90400004387
-0.698298081756 1.88999998569
-0.692480899394 1.88399994373
-0.686663717031 1.87999999523
-0.680846534669 1.85800004005
-0.675029352307 1.84800004959
-0.669212169945 1.84399998188
-0.663394987583 1.83599996567
-0.657577805221 1.82799994946
-0.651760622859 1.82299995422
-0.645943440497 1.80700004101
-0.640126258135 1.80599999428
-0.634309075773 1.79100000858
-0.628491893411 1.78199994564
-0.622674711049 1.77600002289
-0.616857528687 1.76400005817
-0.611040346324 1.76600003242
-0.605223163962 1.74800002575
-0.5994059816 1.7460000515
-0.593588799238 1.74399995804
-0.587771616876 1.72399997711
-0.581954434514 1.71899998188
-0.576137252152 1.7120000124
-0.57032006979 1.70899999142
-0.564502887428 1.70000004768
-0.558685705066 1.6970000267
-0.552868522704 1.69299995899
-0.547051340342 1.68200004101
-0.541234157979 1.67999994755
-0.535416975617 1.6740000248
-0.529599793255 1.66499996185
-0.523782610893 1.65799999237
-0.517965428531 1.65499997139
-0.512148246169 1.64800000191
-0.506331063807 1.64800000191
-0.500513881445 1.63600003719
-0.494696699083 1.63100004196
-0.488879516721 1.62000000477
-0.483062334359 1.61699998379
-0.477245151997 1.61199998856
-0.471427969635 1.60599994659
-0.465610787272 1.60199999809
-0.45979360491 1.61099994183
-0.453976422548 1.59599995613
-0.448159240186 -1
-0.442342057824 -1
-0.436524875462 -1
-0.4307076931 0.569999992847
-0.424890510738 0.564999997616
-0.419073328376 0.565999984741
-0.413256146014 0.559000015259
-0.407438963652 0.56400001049
-0.40162178129 0.568000018597
-0.395804598927 0.579999983311
-0.389987416565 0.569000005722
-0.384170234203 0.561999976635
-0.378353051841 0.568000018597
-0.372535869479 0.569999992847
-0.366718687117 -1
-0.360901504755 -1
-0.355084322393 -1
-0.349267140031 1.57400000095
-0.343449957669 1.60000002384
-0.337632775307 1.62399995327
-0.331815592945 1.64800000191
-0.325998410583 1.67599999905
-0.32018122822 1.71099996567
-0.314364045858 1.73000001907
-0.308546863496 1.74500000477
-0.302729681134 -1
-0.296912498772 -1
-0.29109531641 1.55400002003
-0.285278134048 1.54499995708
-0.279460951686 1.54700005054
-0.273643769324 1.56599998474
-0.267826586962 1.53999996185
-0.2620094046 1.53199994564
-0.256192222238 1.58299994469
-0.250375039876 1.58800005913
-0.244557857513 1.6210000515
-0.238740675151 1.59000003338
-0.232923492789 1.55700004101
-0.227106310427 1.55599999428
-0.221289128065 1.5490000248
-0.215471945703 1.55200004578
-0.209654763341 1.55400002003
-0.203837580979 1.54600000381
-0.198020398617 1.53199994564
-0.192203216255 1.52100002766
-0.186386033893 1.51900005341
-0.180568851531 1.52100002766
-0.174751669168 1.51699995995
-0.168934486806 1.50899994373
-0.163117304444 1.50600004196
-0.157300122082 1.5039999485
-0.15148293972 1.51300001144
-0.145665757358 1.54700005054
-0.139848574996 1.57799994946
-0.134031392634 -1
-0.128214210272 -1
-0.12239702791 -1
-0.116579845548 -1
-0.110762663186 3.83400011063
-0.104945480824 3.82800006866
-0.0991282984614 3.82399988174
-0.0933111160994 3.81900000572
-0.0874939337373 -1
-0.0816767513752 -1
-0.0758595690131 -1
-0.070042386651 -1
-0.064225204289 3.80200004578
-0.0584080219269 3.80200004578
-0.0525908395648 3.80100011826
-0.0467736572027 3.79699993134
-0.0409564748406 3.79800009727
-0.0351392924786 3.79299998283
-0.0293221101165 3.79200005531
-0.0235049277544 3.79099988937
-0.0176877453923 3.78900003433
-0.0118705630302 3.78399991989
-0.00605338066816 3.78200006485
-0.000236198306084 3.78200006485
0.005580984056 -1
0.0113981664181 -1
0.0172153487802 -1
0.0230325311422 2.68799996376
0.0288497135043 2.67600011826
0.0346668958664 2.67199993134
0.0404840782285 2.65899991989
0.0463012605906 -1
0.0521184429526 -1
0.0579356253147 3.78200006485
0.0637528076768 3.77800011635
0.0695699900389 3.78500008583
0.075387172401 3.78900003433
0.081204354763 3.78399991989
0.0870215371251 3.77900004387
0.0928387194872 3.78500008583
0.0986559018493 3.78399991989
0.104473084211 3.78800010681
0.110290266573 3.79099988937
0.116107448936 3.78999996185
0.121924631298 -1
0.12774181366 -1
0.133558996022 -1
0.139376178384 1.70799994469
0.145193360746 1.70500004292
0.151010543108 1.70899999142
0.15682772547 1.70299994946
0.162644907832 -1
0.168462090194 -1
0.174279272556 -1
0.180096454918 -1
0.18591363728 4.97100019455
0.191730819643 4.97900009155
0.197548002005 -1
0.203365184367 -1
0.209182366729 -1
0.214999549091 -1
0.220816731453 2.80800008774
0.226633913815 2.78699994087
0.232451096177 2.79099988937
0.238268278539 2.79299998283
0.244085460901 2.80200004578
0.249902643263 2.80500006676
0.255719825625 2.80900001526
0.261537007987 2.81500005722
0.26735419035 2.82899999619
0.273171372712 2.85599994659
0.278988555074 -1
0.284805737436 -1
0.290622919798 -1
0.29644010216 4.0110001564
0.302257284522 4.01900005341
0.308074466884 -1
0.313891649246 -1
0.319708831608 3.9279999733
0.32552601397 4.04500007629
0.331343196332 4.05399990082
0.337160378695 4.05800008774
0.342977561057 4.06300020218
0.348794743419 4.07299995422
0.354611925781 4.07800006866
0.360429108143 4.05399990082
0.366246290505 -1
0.372063472867 -1
0.377880655229 -1
0.383697837591 1.67100000381
0.389515019953 -1
0.395332202315 -1
0.401149384677 -1
0.406966567039 -1
0.412783749402 -1
0.418600931764 2.06699991226
0.424418114126 2.02699995041
0.430235296488 2.00999999046
0.43605247885 2.0039999485
0.441869661212 2.0150001049
0.447686843574 2.0150001049
0.453504025936 2.02099990845
0.459321208298 2.02399992943
0.46513839066 2.03200006485
0.470955573022 2.03699994087
0.476772755384 2.04200005531
0.482589937747 2.0490000248
0.488407120109 2.05900001526
0.494224302471 2.0569999218
0.500041484833 2.06399989128
0.505858667195 2.0720000267
0.511675849557 2.07699990273
0.517493031919 2.08200001717
0.523310214281 2.08200001717
0.529127396643 2.08899998665
0.534944579005 2.10100007057
0.540761761367 2.10299992561
0.546578943729 2.10899996758
0.552396126091 2.11199998856
0.558213308454 2.1210000515
0.564030490816 2.117000103
0.569847673178 2.12299990654
0.57566485554 2.1400001049
0.581482037902 2.13199996948
0.587299220264 -1
0.593116402626 -1
0.598933584988 1.63600003719
0.60475076735 -1
0.610567949712 -1
0.616385132074 -1
0.622202314436 -1
0.628019496799 -1
0.633836679161 2.13499999046
0.639653861523 2.13499999046
0.645471043885 2.11299991608
0.651288226247 2.10500001907
0.657105408609 2.08699989319
0.662922590971 2.06299996376
0.668739773333 2.04699993134
0.674556955695 2.04200005531
0.680374138057 2.01900005341
0.686191320419 1.99899995327
0.692008502781 1.9960000515
0.697825685143 1.96700000763
0.703642867506 1.95200002193
0.709460049868 1.94099998474
0.71527723223 1.92200005054
0.721094414592 1.90400004387
0.726911596954 1.89199995995
0.732728779316 1.88699996471
0.738545961678 1.86699998379
0.74436314404 1.85399997234
0.750180326402 1.83500003815
0.755997508764 1.83099997044
0.761814691126 1.82700002193
0.767631873488 1.82099997997
0.773449055851 1.78900003433
0.779266238213 1.78199994564
0.785083420575 -1
0.790900602937 -1
0.796717785299 -1
0.802534967661 -1
0.808352150023 -1
0.814169332385 -1
0.819986514747 -1
0.825803697109 -1
0.831620879471 -1
0.837438061833 -1
0.843255244195 -1
0.849072426558 -1
0.85488960892 1.5909999609
0.860706791282 -1
0.866523973644 -1
0.872341156006 -1
0.878158338368 -1
0.88397552073 0.00200000009499
0.889792703092 0.00200000009499
0.895609885454 0.00200000009499
0.901427067816 0.00200000009499
0.907244250178 0.00200000009499
0.91306143254 0.00200000009499
0.918878614902 0.00200000009499
0.924695797265 0.00200000009499
0.930512979627 -1
0.936330161989 -1
0.942147344351 1.48300004005
0.947964526713 1.49800002575
0.953781709075 1.4960000515
0.959598891437 1.50199997425
0.965416073799 1.52799999714
0.971233256161 1.54400002956
0.977050438523 1.55200004578
0.982867620885 1.56700003147
0.988684803247 1.57700002193
0.99450198561 1.5909999609
1.00031916797 1.60399997234
1.00613635033 1.61600005627
1.0119535327 1.63399994373
1.01777071506 1.65299999714
1.02358789742 1.66799998283
1.02940507978 1.68400001526
1.03522226214 1.70200002193
1.04103944451 1.71700000763
1.04685662687 1.73500001431
1.05267380923 -1
1.05849099159 -1
1.06430817395 -1
1.07012535632 1.10300004482
1.07594253868 1.11500000954
1.08175972104 -1
1.0875769034 -1
1.09339408576 1.8259999752
1.09921126813 1.80799996853
1.10502845049 1.81400001049
1.11084563285 1.8029999733
1.11666281521 1.79499995708
1.12247999758 1.78999996185
1.12829717994 1.78499996662
1.1341143623 1.77799999714
1.13993154466 1.76600003242
1.14574872702 1.76699995995
1.15156590939 1.76600003242
1.15738309175 1.75499999523
1.16320027411 1.74800002575
1.16901745647 1.74899995327
1.17483463883 1.74300003052
1.1806518212 1.73899996281
1.18646900356 1.74199998379
1.19228618592 -1
1.19810336828 -1
1.20392055064 -1
1.20973773301 -1
1.21555491537 -1
1.22137209773 1.7120000124
1.22718928009 1.69599997997
1.23300646245 1.6970000267
1.23882364482 1.69299995899
1.24464082718 1.68200004101
1.25045800954 1.68499994278
1.2562751919 1.68099999428
1.26209237427 1.67299997807
1.26790955663 1.66999995708
1.27372673899 1.67900002003
1.27954392135 1.66199994087
1.28536110371 1.66199994087
1.29117828608 1.65299999714
1.29699546844 1.65400004387
1.3028126508 1.65299999714
1.30862983316 1.65299999714
1.31444701552 1.64300000668
1.32026419789 1.64699995518
1.32608138025 1.64499998093
1.33189856261 1.64100003242
1.33771574497 1.63800001144
1.34353292733 1.62999999523
1.3493501097 1.63100004196
1.35516729206 1.63300001621
1.36098447442 1.62699997425
1.36680165678 1.62300002575
1.37261883914 1.61600005627
1.37843602151 1.61899995804
1.38425320387 1.60500001907
1.39007038623 1.61699998379
1.39588756859 1.60800004005
1.40170475096 1.61000001431
1.40752193332 1.60800004005
1.41333911568 1.60000002384
1.41915629804 1.60399997234
1.4249734804 1.59800004959
1.43079066277 1.5909999609
1.43660784513 1.59500002861
1.44242502749 1.59200000763
1.44824220985 1.58899998665
1.45405939221 1.5870000124
1.45987657458 1.59300005436
1.46569375694 1.58200001717
1.4715109393 1.57799994946
1.47732812166 1.58099997044
1.48314530402 1.58399999142
1.48896248639 1.57500004768
1.49477966875 1.58599996567
1.50059685111 1.57400000095
1.50641403347 1.57500004768
1.51223121583 1.5759999752
1.5180483982 1.57299995422
1.52386558056 1.56799995899
1.52968276292 1.57700002193
1.53549994528 1.56700003147
1.54131712765 1.57000005245
1.54713431001 1.57299995422
1.55295149237 1.57700002193
1.55876867473 1.56400001049
1.56458585709 1.57000005245
1.57040303946 1.5720000267
1.57622022182 1.56299996376
1.58203740418 1.56700003147
1.58785458654 1.57299995422
1.5936717689 -1
1.59948895127 -1
1.60530613363 -1
1.61112331599 0.628000020981
1.61694049835 0.634000003338
1.62275768071 0.633000016212
1.62857486308 0.632000029087
1.63439204544 -1
1.6402092278 -1
1.64602641016 -1
1.65184359252 1.57000005245
1.65766077489 1.56799995899
1.66347795725 1.56799995899
1.66929513961 1.56500005722
1.67511232197 1.56599998474
1.68092950433 1.56700003147
1.6867466867 1.57700002193
1.69256386906 1.57000005245
1.69838105142 1.57500004768
1.70419823378 1.57299995422
1.71001541615 1.5720000267
1.71583259851 1.57500004768
1.72164978087 1.57000005245
1.72746696323 1.57799994946
1.73328414559 1.57500004768
1.73910132796 1.58000004292
1.74491851032 1.5720000267
1.75073569268 1.58099997044
1.75655287504 1.58200001717
1.7623700574 1.58200001717
1.76818723977 1.58800005913
1.77400442213 1.58500003815
1.77982160449 1.58599996567
1.78563878685 1.58800005913
1.79145596921 1.59000003338
1.79727315158 1.59800004959
1.80309033394 1.59599995613
1.8089075163 1.59700000286
1.81472469866 1.59899997711
1.82054188102 1.59800004959
1.82635906339 1.59599995613
1.83217624575 1.60000002384
1.83799342811 -1
1.84381061047 -1
1.84962779284 0.907000005245
1.8554449752 0.90600001812
1.86126215756 -1
1.86707933992 -1
1.87289652228 -1
1.87871370465 1.62600004673
1.88453088701 1.6210000515
1.89034806937 1.6289999485
1.89616525173 1.62699997425
1.90198243409 1.6289999485
1.90779961646 1.62800002098
1.91361679882 1.63300001621
1.91943398118 1.64499998093
1.92525116354 1.64300000668
