-1.91990637779 1.26999998093
-1.91408919543 1.25800001621
-1.90827201307 1.24100005627
-1.90245483071 1.25199997425
-1.89663764834 1.26699995995
-1.89082046598 1.27600002289
-1.88500328362 1.29299998283
-1.87918610126 -1
-1.8733689189 -1
-1.86755173653 1.23399996758
-1.86173455417 1.23699998856
-1.85591737181 1.24100005627
-1.85010018945 1.22800004482
-1.84428300709 -1
-1.83846582472 -1
-1.83264864236 1.18299996853
-1.82683146 1.22200000286
-1.82101427764 1.23000001907
-1.81519709527 1.22000002861
-1.80937991291 1.22300004959
-1.80356273055 1.20899999142
-1.79774554819 1.21800005436
-1.79192836583 1.21500003338
-1.78611118346 1.21700000763
-1.7802940011 1.21000003815
-1.77447681874 1.22300004959
-1.76865963638 1.25100004673
-1.76284245402 -1
-1.75702527165 -1
-1.75120808929 1.15600001812
-1.74539090693 1.15600001812
-1.73957372457 1.14800000191
-1.73375654221 1.14999997616
-1.72793935984 1.15100002289
-1.72212217748 1.15100002289
-1.71630499512 1.14900004864
-1.71048781276 1.14300000668
-1.7046706304 1.14999997616
-1.69885344803 1.15999996662
-1.69303626567 1.14600002766
-1.68721908331 1.14999997616
-1.68140190095 1.14600002766
-1.67558471859 1.14900004864
-1.66976753622 1.15499997139
-1.66395035386 1.15799999237
-1.6581331715 1.15100002289
-1.65231598914 1.15799999237
-1.64649880677 1.15499997139
-1.64068162441 1.14800000191
-1.63486444205 1.14900004864
-1.62904725969 1.15400004387
-1.62323007733 1.15299999714
-1.61741289496 1.15699994564
-1.6115957126 1.15499997139
-1.60577853024 1.14600002766
-1.59996134788 1.15400004387
-1.59414416552 -1
-1.58832698315 -1
-1.58250980079 -1
-1.57669261843 -1
-1.57087543607 -1
-1.56505825371 -1
-1.55924107134 -1
-1.55342388898 -1
-1.54760670662 -1
-1.54178952426 -1
-1.5359723419 3.82299995422
-1.53015515953 3.8220000267
-1.52433797717 -1
-1.51852079481 -1
-1.51270361245 -1
-1.50688643008 3.81699991226
-1.50106924772 3.81399989128
-1.49525206536 3.8220000267
-1.489434883 3.81399989128
-1.48361770064 3.81599998474
-1.47780051827 3.81699991226
-1.47198333591 3.81500005722
-1.46616615355 3.81599998474
-1.46034897119 3.81599998474
-1.45453178883 3.81299996376
-1.44871460646 3.79600000381
-1.4428974241 3.81999993324
-1.43708024174 3.8180000782
-1.43126305938 -1
-1.42544587702 -1
-1.41962869465 -1
-1.41381151229 -1
-1.40799432993 4.05100011826
-1.40217714757 4.06300020218
-1.39635996521 4.06599998474
-1.39054278284 4.05900001526
-1.38472560048 4.06199979782
-1.37890841812 4.0640001297
-1.37309123576 -1
-1.36727405339 -1
-1.36145687103 -1
-1.35563968867 -1
-1.34982250631 -1
-1.34400532395 -1
-1.33818814158 -1
-1.33237095922 -1
-1.32655377686 -1
-1.3207365945 -1
-1.31491941214 11.4280004501
-1.30910222977 11.3319997787
-1.30328504741 11.3269996643
-1.29746786505 11.3699998856
-1.29165068269 11.1440000534
-1.28583350033 -1
-1.28001631796 -1
-1.2741991356 2.54999995232
-1.26838195324 2.54800009727
-1.26256477088 2.55200004578
-1.25674758852 2.57299995422
-1.25093040615 -1
-1.24511322379 -1
-1.23929604143 11.125
-1.23347885907 11.1579999924
-1.2276616767 11.1759996414
-1.22184449434 11.2100000381
-1.21602731198 11.1859998703
-1.21021012962 -1
-1.20439294726 -1
-1.19857576489 1.17999994755
-1.19275858253 -1
-1.18694140017 -1
-1.18112421781 -1
-1.17530703545 3.74900007248
-1.16948985308 3.6819999218
-1.16367267072 3.69899988174
-1.15785548836 3.63700008392
-1.152038306 3.56299996376
-1.14622112364 3.5039999485
-1.14040394127 3.45399999619
-1.13458675891 3.40100002289
-1.12876957655 3.32500004768
-1.12295239419 3.26399993896
-1.11713521183 3.24900007248
-1.11131802946 3.21900010109
-1.1055008471 3.17600011826
-1.09968366474 3.13400006294
-1.09386648238 3.08899998665
-1.08804930001 3.04999995232
-1.08223211765 3.00999999046
-1.07641493529 2.97300004959
-1.07059775293 2.93899989128
-1.06478057057 2.90100002289
-1.0589633882 2.86599993706
-1.05314620584 2.83400011063
-1.04732902348 2.79999995232
-1.04151184112 2.76300001144
-1.03569465876 2.73699998856
-1.02987747639 2.70600008965
-1.02406029403 2.6740000248
-1.01824311167 2.64499998093
-1.01242592931 2.61800003052
-1.00660874695 2.58800005913
-1.00079156458 2.55900001526
-0.994974382222 2.53600001335
-0.98915719986 2.54500007629
-0.983340017498 2.54099988937
-0.977522835135 2.55200004578
-0.971705652773 2.56399989128
-0.965888470411 2.5759999752
-0.960071288049 2.58299994469
-0.954254105687 2.60400009155
-0.948436923325 2.59599995613
-0.942619740963 2.52099990845
-0.936802558601 2.49000000954
-0.930985376239 -1
-0.925168193877 -1
-0.919351011515 2.4279999733
-0.913533829153 2.40700006485
-0.907716646791 2.35599994659
-0.901899464428 2.36299991608
-0.896082282066 2.35700011253
-0.890265099704 -1
-0.884447917342 -1
-0.87863073498 -1
-0.872813552618 -1
-0.866996370256 -1
-0.861179187894 1.99899995327
-0.855362005532 1.99300003052
-0.84954482317 1.9960000515
-0.843727640808 2.01300001144
-0.837910458446 2.0
-0.832093276083 1.95700001717
-0.826276093721 1.9090000391
-0.820458911359 1.89999997616
-0.814641728997 1.89699995518
-0.808824546635 1.89699995518
-0.803007364273 1.90600001812
-0.797190181911 1.91100001335
-0.791372999549 1.92499995232
-0.785555817187 1.93900001049
-0.779738634825 1.95000004768
-0.773921452463 1.94799995422
-0.768104270101 2.0039999485
-0.762287087739 2.01999998093
-0.756469905376 2.0
-0.750652723014 1.99399995804
-0.744835540652 1.97699999809
-0.73901835829 1.97500002384
-0.733201175928 1.9509999752
-0.727383993566 1.94400000572
-0.721566811204 1.92900002003
-0.715749628842 1.91900002956
-0.70993244648 1.90999996662
-0.704115264118 1.89800000191
-0.698298081756 1.88999998569
-0.692480899394 1.8789999485
-0.686663717031 1.86699998379
-0.680846534669 1.86800003052
-0.675029352307 1.85500001907
-0.669212169945 1.8409999609
-0.663394987583 1.83099997044
-0.657577805221 1.82899999619
-0.651760622859 1.81700003147
-0.645943440497 1.81200003624
-0.640126258135 1.79700005054
-0.634309075773 -1
-0.628491893411 -1
-0.622674711049 -1
-0.616857528687 1.0720000267
-0.611040346324 1.07700002193
-0.605223163962 1.05799996853
-0.5994059816 1.05499994755
-0.593588799238 1.05900001526
-0.587771616876 1.05900001526
-0.581954434514 1.05499994755
-0.576137252152 1.06099998951
-0.57032006979 1.06200003624
-0.564502887428 1.06400001049
-0.558685705066 1.0720000267
-0.552868522704 -1
-0.547051340342 -1
-0.541234157979 1.2460000515
-0.535416975617 1.26499998569
-0.529599793255 1.27300000191
-0.523782610893 1.27100002766
-0.517965428531 -1
-0.512148246169 -1
-0.506331063807 -1
-0.500513881445 1.64199995995
-0.494696699083 1.62699997425
-0.488879516721 1.6210000515
-0.483062334359 1.6210000515
-0.477245151997 1.61099994183
-0.471427969635 1.61099994183
-0.465610787272 1.60399997234
-0.45979360491 1.60199999809
-0.453976422548 1.59800004959
-0.448159240186 -1
-0.442342057824 -1
-0.436524875462 -1
-0.4307076931 0.569999992847
-0.424890510738 0.56400001049
-0.419073328376 0.569999992847
-0.413256146014 0.569999992847
-0.407438963652 0.570999979973
-0.40162178129 0.570999979973
-0.395804598927 0.580999970436
-0.389987416565 0.563000023365
-0.384170234203 0.566999971867
-0.378353051841 0.56400001049
-0.372535869479 0.565999984741
-0.366718687117 -1
-0.360901504755 -1
-0.355084322393 -1
-0.349267140031 1.57899999619
-0.343449957669 1.60099995136
-0.337632775307 1.62199997902
-0.331815592945 1.6629999876
-0.325998410583 1.67999994755
-0.32018122822 1.69900000095
-0.314364045858 1.73399996758
-0.308546863496 1.74699997902
-0.302729681134 -1
-0.296912498772 -1
-0.29109531641 1.55099999905
-0.285278134048 1.54700005054
-0.279460951686 1.55200004578
-0.273643769324 1.57000005245
-0.267826586962 1.54299998283
-0.2620094046 1.53499996662
-0.256192222238 1.58299994469
-0.250375039876 1.59000003338
-0.244557857513 1.61500000954
-0.238740675151 1.58899998665
-0.232923492789 1.55499994755
-0.227106310427 1.55599999428
-0.221289128065 1.55400002003
-0.215471945703 1.55400002003
-0.209654763341 1.55499994755
-0.203837580979 1.54799997807
-0.198020398617 1.52400004864
-0.192203216255 1.51499998569
-0.186386033893 1.51800000668
-0.180568851531 1.51900005341
-0.174751669168 1.51600003242
-0.168934486806 1.50899994373
-0.163117304444 1.51199996471
-0.157300122082 1.50199997425
-0.15148293972 1.50800001621
-0.145665757358 1.54100000858
-0.139848574996 1.58399999142
-0.134031392634 1.6210000515
-0.128214210272 -1
-0.12239702791 -1
-0.116579845548 -1
-0.110762663186 3.82999992371
-0.104945480824 3.8259999752
-0.0991282984614 3.82299995422
-0.0933111160994 3.82100009918
-0.0874939337373 3.81900000572
-0.0816767513752 3.81399989128
-0.0758595690131 3.81200003624
-0.070042386651 3.80800008774
-0.064225204289 3.80500006676
-0.0584080219269 3.80200004578
-0.0525908395648 -1
-0.0467736572027 -1
-0.0409564748406 -1
-0.0351392924786 -1
-0.0293221101165 3.79500007629
-0.0235049277544 3.78999996185
-0.0176877453923 3.78699994087
-0.0118705630302 3.78600001335
-0.00605338066816 3.78099989891
-0.000236198306084 3.77999997139
0.005580984056 3.78299999237
0.0113981664181 3.78200006485
0.0172153487802 3.79099988937
0.0230325311422 3.78099989891
0.0288497135043 3.77999997139
0.0346668958664 -1
0.0404840782285 -1
0.0463012605906 -1
0.0521184429526 2.74300003052
0.0579356253147 2.73600006104
0.0637528076768 2.73000001907
0.0695699900389 2.72099995613
0.075387172401 2.71199989319
0.081204354763 -1
0.0870215371251 -1
0.0928387194872 -1
0.0986559018493 3.78299999237
0.104473084211 3.78600001335
0.110290266573 3.78800010681
0.116107448936 3.79099988937
0.121924631298 -1
0.12774181366 -1
0.133558996022 -1
0.139376178384 1.71099996567
0.145193360746 1.71099996567
0.151010543108 1.70500004292
0.15682772547 1.70799994469
0.162644907832 -1
0.168462090194 -1
0.174279272556 -1
0.180096454918 -1
0.18591363728 4.97200012207
0.191730819643 4.97599983215
0.197548002005 -1
0.203365184367 -1
0.209182366729 4.66800022125
0.214999549091 4.65799999237
0.220816731453 4.65899991989
0.226633913815 4.65899991989
0.232451096177 -1
0.238268278539 -1
0.244085460901 -1
0.249902643263 -1
0.255719825625 2.66300010681
0.261537007987 2.61999988556
0.26735419035 2.59899997711
0.273171372712 2.59999990463
0.278988555074 2.61400008202
0.284805737436 2.63100004196
0.290622919798 2.66100001335
0.29644010216 2.70000004768
0.302257284522 2.6819999218
0.308074466884 -1
0.313891649246 -1
0.319708831608 -1
0.32552601397 4.04400014877
0.331343196332 4.05100011826
0.337160378695 4.0560002327
0.342977561057 4.06300020218
0.348794743419 4.07299995422
0.354611925781 -1
0.360429108143 -1
0.366246290505 3.00600004196
0.372063472867 -1
0.377880655229 -1
0.383697837591 1.66199994087
0.389515019953 -1
0.395332202315 -1
0.401149384677 -1
0.406966567039 -1
0.412783749402 -1
0.418600931764 2.06299996376
0.424418114126 2.03299999237
0.430235296488 2.00500011444
0.43605247885 2.01200008392
0.441869661212 2.01099991798
0.447686843574 2.01999998093
0.453504025936 2.02300000191
0.459321208298 2.02300000191
0.46513839066 2.03200006485
0.470955573022 2.03600001335
0.476772755384 2.04299998283
0.482589937747 2.0529999733
0.488407120109 2.05399990082
0.494224302471 2.05599999428
0.500041484833 2.06399989128
0.505858667195 2.07100009918
0.511675849557 2.0759999752
0.517493031919 2.07899999619
0.523310214281 2.08100008965
0.529127396643 2.09100008011
0.534944579005 2.09500002861
0.540761761367 2.10299992561
0.546578943729 2.11100006104
0.552396126091 2.11100006104
0.558213308454 2.117000103
0.564030490816 2.11100006104
0.569847673178 2.12400007248
0.57566485554 2.13599991798
0.581482037902 2.13400006294
0.587299220264 -1
0.593116402626 -1
0.598933584988 1.63800001144
0.60475076735 -1
0.610567949712 -1
0.616385132074 -1
0.622202314436 2.26600003242
0.628019496799 2.19400000572
0.633836679161 2.13899993896
0.639653861523 2.14199995995
0.645471043885 2.12299990654
0.651288226247 2.10199999809
0.657105408609 2.0759999752
0.662922590971 2.0720000267
0.668739773333 2.04999995232
0.674556955695 2.04600000381
0.680374138057 2.02600002289
0.686191320419 2.00699996948
0.692008502781 1.98199999332
0.697825685143 1.9659999609
0.703642867506 1.95399999619
0.709460049868 1.93799996376
0.71527723223 1.91999995708
0.721094414592 1.9129999876
0.726911596954 1.89900004864
0.732728779316 1.87199997902
0.738545961678 1.87600004673
0.74436314404 1.86300003529
0.750180326402 1.84899997711
0.755997508764 1.82700002193
0.761814691126 1.81599998474
0.767631873488 1.8029999733
0.773449055851 1.80499994755
0.779266238213 1.78199994564
0.785083420575 -1
0.790900602937 -1
0.796717785299 -1
0.802534967661 -1
0.808352150023 -1
0.814169332385 -1
0.819986514747 -1
0.825803697109 -1
0.831620879471 -1
0.837438061833 -1
0.843255244195 -1
0.849072426558 -1
0.85488960892 1.58599996567
0.860706791282 -1
0.866523973644 -1
0.872341156006 -1
0.878158338368 -1
0.88397552073 0.00200000009499
0.889792703092 0.00200000009499
0.895609885454 0.00200000009499
0.901427067816 0.00200000009499
0.907244250178 0.00200000009499
0.91306143254 0.00200000009499
0.918878614902 0.00200000009499
0.924695797265 -1
0.930512979627 -1
0.936330161989 1.47500002384
0.942147344351 1.48300004005
0.947964526713 1.49699997902
0.953781709075 1.49399995804
0.959598891437 1.50300002098
0.965416073799 1.52499997616
0.971233256161 1.53699994087
0.977050438523 1.55099999905
0.982867620885 1.56299996376
0.988684803247 1.57899999619
0.99450198561 1.59300005436
1.00031916797 1.60399997234
1.00613635033 1.62000000477
1.0119535327 1.63300001621
1.01777071506 1.64999997616
1.02358789742 1.66499996185
1.02940507978 1.68299996853
1.03522226214 1.70000004768
1.04103944451 1.71800005436
1.04685662687 1.73000001907
1.05267380923 -1
1.05849099159 -1
1.06430817395 -1
1.07012535632 1.11099994183
1.07594253868 1.10699999332
1.08175972104 -1
1.0875769034 -1
1.09339408576 1.82099997997
1.09921126813 1.81799995899
1.10502845049 1.80700004101
1.11084563285 1.8029999733
1.11666281521 1.79400002956
1.12247999758 1.79100000858
1.12829717994 1.78100001812
1.1341143623 1.77499997616
1.13993154466 1.77799999714
1.14574872702 1.77199995518
1.15156590939 1.76400005817
1.15738309175 1.74800002575
1.16320027411 1.75
1.16901745647 1.7539999485
1.17483463883 1.74399995804
1.1806518212 1.73699998856
1.18646900356 1.73300004005
1.19228618592 -1
1.19810336828 -1
1.20392055064 -1
1.20973773301 -1
1.21555491537 -1
1.22137209773 1.70799994469
1.22718928009 1.70200002193
1.23300646245 1.68799996376
1.23882364482 1.68900001049
1.24464082718 1.68700003624
1.25045800954 1.67999994755
1.2562751919 1.67999994755
1.26209237427 1.67200005054
1.26790955663 1.67299997807
1.27372673899 1.66799998283
1.27954392135 1.66199994087
1.28536110371 1.65600001812
1.29117828608 1.6590000391
1.29699546844 1.64999997616
1.3028126508 1.64400005341
1.30862983316 1.65100002289
1.31444701552 1.64900004864
1.32026419789 1.63499999046
1.32608138025 1.64199995995
1.33189856261 1.63999998569
1.33771574497 1.63600003719
1.34353292733 1.63399994373
1.3493501097 1.6289999485
1.35516729206 1.625
1.36098447442 1.62000000477
1.36680165678 1.62300002575
1.37261883914 1.61899995804
1.37843602151 1.61899995804
1.38425320387 1.60899996758
1.39007038623 1.61199998856
1.39588756859 1.60500001907
1.40170475096 1.60199999809
1.40752193332 1.60599994659
1.41333911568 1.60500001907
1.41915629804 1.59800004959
1.4249734804 1.59399998188
1.43079066277 1.59200000763
1.43660784513 1.5909999609
1.44242502749 1.59300005436
1.44824220985 1.5909999609
1.45405939221 1.59200000763
1.45987657458 1.59200000763
1.46569375694 1.58800005913
1.4715109393 1.58299994469
1.47732812166 1.58399999142
1.48314530402 1.58299994469
1.48896248639 1.58500003815
1.49477966875 1.57700002193
1.50059685111 1.57299995422
1.50641403347 1.57700002193
1.51223121583 1.5720000267
1.5180483982 1.57299995422
1.52386558056 1.57400000095
1.52968276292 1.57299995422
1.53549994528 1.57000005245
1.54131712765 1.57299995422
1.54713431001 1.56900000572
1.55295149237 1.56200003624
1.55876867473 1.56599998474
1.56458585709 1.5720000267
1.57040303946 1.57899999619
1.57622022182 1.56700003147
1.58203740418 1.56700003147
1.58785458654 1.56500005722
1.5936717689 -1
1.59948895127 -1
1.60530613363 -1
1.61112331599 0.629000008106
1.61694049835 0.638000011444
1.62275768071 0.632000029087
1.62857486308 0.639999985695
1.63439204544 -1
1.6402092278 -1
1.64602641016 -1
1.65184359252 1.56599998474
1.65766077489 1.56700003147
1.66347795725 1.56799995899
1.66929513961 1.57099997997
1.67511232197 1.57400000095
1.68092950433 1.57099997997
1.6867466867 1.56299996376
1.69256386906 1.57400000095
1.69838105142 1.56299996376
1.70419823378 1.5720000267
1.71001541615 1.57400000095
1.71583259851 1.5720000267
1.72164978087 1.56900000572
1.72746696323 1.56799995899
1.73328414559 1.58099997044
1.73910132796 1.5759999752
1.74491851032 1.57700002193
1.75073569268 1.58299994469
1.75655287504 1.5759999752
1.7623700574 1.57899999619
1.76818723977 1.58399999142
1.77400442213 1.58800005913
1.77982160449 1.59399998188
1.78563878685 1.58899998665
1.79145596921 1.59300005436
1.79727315158 1.58399999142
1.80309033394 1.58800005913
1.8089075163 1.5909999609
1.81472469866 1.5870000124
1.82054188102 1.58800005913
1.82635906339 1.59399998188
1.83217624575 1.60300004482
1.83799342811 -1
1.84381061047 -1
1.84962779284 0.907000005245
1.8554449752 0.908999979496
1.86126215756 -1
1.86707933992 -1
1.87289652228 -1
1.87871370465 1.62300002575
1.88453088701 1.61699998379
1.89034806937 1.6210000515
1.89616525173 1.6210000515
1.90198243409 1.62800002098
1.90779961646 1.62600004673
1.91361679882 1.63499999046
1.91943398118 1.64300000668
1.92525116354 1.63399994373
