-1.91990637779 -1
-1.91408919543 -1
-1.90827201307 2.66899991035
-1.90245483071 2.65499997139
-1.89663764834 2.64700007439
-1.89082046598 -1
-1.88500328362 -1
-1.87918610126 -1
-1.8733689189 -1
-1.86755173653 2.61999988556
-1.86173455417 2.61899995804
-1.85591737181 2.61500000954
-1.85010018945 2.60800004005
-1.84428300709 2.59999990463
-1.83846582472 2.59999990463
-1.83264864236 2.59599995613
-1.82683146 2.58500003815
-1.82101427764 2.58500003815
-1.81519709527 2.57999992371
-1.80937991291 2.57299995422
-1.80356273055 2.57100009918
-1.79774554819 2.56699991226
-1.79192836583 2.55500006676
-1.78611118346 2.5569999218
-1.7802940011 2.54999995232
-1.77447681874 2.54299998283
-1.76865963638 2.54600000381
-1.76284245402 2.54099988937
-1.75702527165 2.53200006485
-1.75120808929 2.53600001335
-1.74539090693 2.52500009537
-1.73957372457 2.52099990845
-1.73375654221 2.51900005341
-1.72793935984 2.51399993896
-1.72212217748 2.5150001049
-1.71630499512 2.53399991989
-1.71048781276 2.60800004005
-1.7046706304 2.69099998474
-1.69885344803 2.76600003242
-1.69303626567 -1
-1.68721908331 -1
-1.68140190095 4.36199998856
-1.67558471859 4.37699985504
-1.66976753622 4.37599992752
-1.66395035386 -1
-1.6581331715 -1
-1.65231598914 6.00400018692
-1.64649880677 6.007999897
-1.64068162441 6.00400018692
-1.63486444205 -1
-1.62904725969 -1
-1.62323007733 -1
-1.61741289496 6.65199995041
-1.6115957126 -1
-1.60577853024 -1
-1.59996134788 5.17899990082
-1.59414416552 -1
-1.58832698315 -1
-1.58250980079 6.76599979401
-1.57669261843 -1
-1.57087543607 -1
-1.56505825371 12.9479999542
-1.55924107134 -1
-1.55342388898 -1
-1.54760670662 -1
-1.54178952426 12.9409999847
-1.5359723419 12.9589996338
-1.53015515953 12.9589996338
-1.52433797717 12.9610004425
-1.51852079481 12.9689998627
-1.51270361245 12.9709997177
-1.50688643008 12.9759998322
-1.50106924772 -1
-1.49525206536 -1
-1.489434883 11.0909996033
-1.48361770064 11.107000351
-1.47780051827 11.095000267
-1.47198333591 11.1289997101
-1.46616615355 11.2060003281
-1.46034897119 11.2690000534
-1.45453178883 11.170999527
-1.44871460646 11.3100004196
-1.4428974241 -1
-1.43708024174 -1
-1.43126305938 10.7980003357
-1.42544587702 10.7899999619
-1.41962869465 10.7530002594
-1.41381151229 -1
-1.40799432993 -1
-1.40217714757 -1
-1.39635996521 -1
-1.39054278284 -1
-1.38472560048 -1
-1.37890841812 -1
-1.37309123576 2.14299988747
-1.36727405339 2.117000103
-1.36145687103 2.08500003815
-1.35563968867 2.03900003433
-1.34982250631 2.0
-1.34400532395 1.98199999332
-1.33818814158 1.95700001717
-1.33237095922 1.9279999733
-1.32655377686 1.90499997139
-1.3207365945 1.87300002575
-1.31491941214 1.85599994659
-1.30910222977 -1
-1.30328504741 -1
-1.29746786505 1.76499998569
-1.29165068269 1.75499999523
-1.28583350033 1.73300004005
-1.28001631796 1.71700000763
-1.2741991356 1.69400000572
-1.26838195324 1.67200005054
-1.26256477088 1.65400004387
-1.25674758852 1.63699996471
-1.25093040615 1.6210000515
-1.24511322379 1.60599994659
-1.23929604143 1.58099997044
-1.23347885907 1.55900001526
-1.2276616767 1.54400002956
-1.22184449434 1.52799999714
-1.21602731198 1.50499999523
-1.21021012962 1.50199997425
-1.20439294726 1.48099994659
-1.19857576489 1.46099996567
-1.19275858253 1.45200002193
-1.18694140017 1.44099998474
-1.18112421781 1.42100000381
-1.17530703545 1.41100001335
-1.16948985308 1.39999997616
-1.16367267072 1.38300001621
-1.15785548836 1.37300002575
-1.152038306 1.36000001431
-1.14622112364 1.34200000763
-1.14040394127 1.32700002193
-1.13458675891 1.31599998474
-1.12876957655 1.30499994755
-1.12295239419 1.29299998283
-1.11713521183 1.2879999876
-1.11131802946 1.27300000191
-1.1055008471 1.26900005341
-1.09968366474 1.24800002575
-1.09386648238 1.24500000477
-1.08804930001 1.22800004482
-1.08223211765 1.22200000286
-1.07641493529 1.22000002861
-1.07059775293 1.20299994946
-1.06478057057 1.19500005245
-1.0589633882 1.18400001526
-1.05314620584 1.1740000248
-1.04732902348 1.17100000381
-1.04151184112 1.15699994564
-1.03569465876 1.15299999714
-1.02987747639 1.14900004864
-1.02406029403 1.13900005817
-1.01824311167 1.12800002098
-1.01242592931 1.12699997425
-1.00660874695 1.12999999523
-1.00079156458 1.14199995995
-0.994974382222 1.16400003433
-0.98915719986 1.14699995518
-0.983340017498 1.14999997616
-0.977522835135 1.15199995041
-0.971705652773 1.15999996662
-0.965888470411 1.16499996185
-0.960071288049 1.16600000858
-0.954254105687 1.18299996853
-0.948436923325 1.18400001526
-0.942619740963 1.19000005722
-0.936802558601 1.1970000267
-0.930985376239 1.20899999142
-0.925168193877 1.20799994469
-0.919351011515 1.22099995613
-0.913533829153 1.22500002384
-0.907716646791 1.24199998379
-0.901899464428 -1
-0.896082282066 -1
-0.890265099704 -1
-0.884447917342 1.10399997234
-0.87863073498 1.10099995136
-0.872813552618 1.08800005913
-0.866996370256 1.08200001717
-0.861179187894 1.0759999752
-0.855362005532 1.0720000267
-0.84954482317 -1
-0.843727640808 -1
-0.837910458446 1.04400002956
-0.832093276083 1.04600000381
-0.826276093721 1.03900003433
-0.820458911359 1.03199994564
-0.814641728997 1.01800000668
-0.808824546635 1.00199997425
-0.803007364273 1.00499999523
-0.797190181911 1.00899994373
-0.791372999549 1.00499999523
-0.785555817187 0.995999991894
-0.779738634825 0.992999970913
-0.773921452463 0.986999988556
-0.768104270101 0.981999993324
-0.762287087739 0.966000020504
-0.756469905376 0.971000015736
-0.750652723014 0.971000015736
-0.744835540652 0.963999986649
-0.73901835829 0.953999996185
-0.733201175928 0.949999988079
-0.727383993566 0.949999988079
-0.721566811204 0.939999997616
-0.715749628842 0.938000023365
-0.70993244648 0.936999976635
-0.704115264118 0.926999986172
-0.698298081756 0.925999999046
-0.692480899394 0.92199999094
-0.686663717031 0.913999974728
-0.680846534669 0.910000026226
-0.675029352307 0.90600001812
-0.669212169945 0.90499997139
-0.663394987583 0.90499997139
-0.657577805221 0.901000022888
-0.651760622859 0.898000001907
-0.645943440497 0.889999985695
-0.640126258135 0.888999998569
-0.634309075773 0.879999995232
-0.628491893411 0.884000003338
-0.622674711049 0.873000025749
-0.616857528687 0.860000014305
-0.611040346324 0.871999979019
-0.605223163962 0.866999983788
-0.5994059816 0.864000022411
-0.593588799238 0.862999975681
-0.587771616876 0.855000019073
-0.581954434514 0.853999972343
-0.576137252152 -1
-0.57032006979 -1
-0.564502887428 -1
-0.558685705066 0.660000026226
-0.552868522704 0.663999974728
-0.547051340342 0.653999984264
-0.541234157979 0.65600001812
-0.535416975617 0.657000005245
-0.529599793255 0.651000022888
-0.523782610893 0.646000027657
-0.517965428531 0.648999989033
-0.512148246169 0.646000027657
-0.506331063807 -1
-0.500513881445 -1
-0.494696699083 0.676999986172
-0.488879516721 0.683000028133
-0.483062334359 0.675000011921
-0.477245151997 0.671000003815
-0.471427969635 0.672999978065
-0.465610787272 0.669000029564
-0.45979360491 0.665000021458
-0.453976422548 0.666999995708
-0.448159240186 0.662000000477
-0.442342057824 0.661000013351
-0.436524875462 0.661000013351
-0.4307076931 0.65600001812
-0.424890510738 0.651000022888
-0.419073328376 0.652000010014
-0.413256146014 0.652999997139
-0.407438963652 0.648999989033
-0.40162178129 -1
-0.395804598927 -1
-0.389987416565 0.605000019073
-0.384170234203 0.598999977112
-0.378353051841 0.598999977112
-0.372535869479 0.600000023842
-0.366718687117 0.59500002861
-0.360901504755 0.592999994755
-0.355084322393 0.588999986649
-0.349267140031 0.592000007629
-0.343449957669 0.591000020504
-0.337632775307 0.587000012398
-0.331815592945 0.588999986649
-0.325998410583 0.597999989986
-0.32018122822 0.589999973774
-0.314364045858 0.598999977112
-0.308546863496 0.597999989986
-0.302729681134 0.611000001431
-0.296912498772 0.597000002861
-0.29109531641 0.597000002861
-0.285278134048 0.587000012398
-0.279460951686 -1
-0.273643769324 -1
-0.267826586962 -1
-0.2620094046 -1
-0.256192222238 -1
-0.250375039876 0.73400002718
-0.244557857513 0.728999972343
-0.238740675151 0.745999991894
-0.232923492789 0.751999974251
-0.227106310427 0.751999974251
-0.221289128065 0.745000004768
-0.215471945703 0.755999982357
-0.209654763341 0.745000004768
-0.203837580979 0.740999996662
-0.198020398617 -1
-0.192203216255 -1
-0.186386033893 -1
-0.180568851531 0.740000009537
-0.174751669168 0.740999996662
-0.168934486806 -1
-0.163117304444 -1
-0.157300122082 -1
-0.15148293972 -1
-0.145665757358 0.741999983788
-0.139848574996 0.742999970913
-0.134031392634 0.740999996662
-0.128214210272 0.741999983788
-0.12239702791 0.739000022411
-0.116579845548 0.740000009537
-0.110762663186 0.745000004768
-0.104945480824 0.740999996662
-0.0991282984614 0.736999988556
-0.0933111160994 0.740000009537
-0.0874939337373 0.741999983788
-0.0816767513752 0.741999983788
-0.0758595690131 0.739000022411
-0.070042386651 0.737999975681
-0.064225204289 0.737999975681
-0.0584080219269 0.736999988556
-0.0525908395648 0.740000009537
-0.0467736572027 0.73400002718
-0.0409564748406 0.740999996662
-0.0351392924786 0.736999988556
-0.0293221101165 0.742999970913
-0.0235049277544 0.744000017643
-0.0176877453923 0.746999979019
-0.0118705630302 0.744000017643
-0.00605338066816 0.740000009537
-0.000236198306084 0.741999983788
0.005580984056 0.740999996662
0.0113981664181 0.745000004768
0.0172153487802 0.744000017643
0.0230325311422 0.740999996662
0.0288497135043 0.739000022411
0.0346668958664 0.742999970913
0.0404840782285 0.739000022411
0.0463012605906 0.740999996662
0.0521184429526 0.739000022411
0.0579356253147 0.745000004768
0.0637528076768 0.741999983788
0.0695699900389 0.742999970913
0.075387172401 0.744000017643
0.081204354763 0.744000017643
0.0870215371251 0.745000004768
0.0928387194872 0.751999974251
0.0986559018493 0.749000012875
0.104473084211 0.753000020981
0.110290266573 0.745000004768
0.116107448936 0.75
0.121924631298 0.745999991894
0.12774181366 0.745000004768
0.133558996022 0.748000025749
0.139376178384 0.745000004768
0.145193360746 0.758000016212
0.151010543108 0.746999979019
0.15682772547 0.760999977589
0.162644907832 0.749000012875
0.168462090194 0.762000024319
0.174279272556 0.753000020981
0.180096454918 0.755999982357
0.18591363728 0.753000020981
0.191730819643 0.755999982357
0.197548002005 0.764999985695
0.203365184367 0.758000016212
0.209182366729 0.758000016212
0.214999549091 0.763000011444
0.220816731453 0.771000027657
0.226633913815 0.778999984264
0.232451096177 0.762000024319
0.238268278539 0.774999976158
0.244085460901 0.763999998569
0.249902643263 0.764999985695
0.255719825625 0.777999997139
0.261537007987 0.777999997139
0.26735419035 0.786000013351
0.273171372712 0.773000001907
0.278988555074 0.783999979496
0.284805737436 0.791000008583
0.290622919798 0.777999997139
0.29644010216 0.777999997139
0.302257284522 0.797999978065
0.308074466884 0.77999997139
0.313891649246 0.794000029564
0.319708831608 0.787000000477
0.32552601397 0.787999987602
0.331343196332 0.801999986172
0.337160378695 0.804000020027
0.342977561057 0.81099998951
0.348794743419 0.797999978065
0.354611925781 0.804000020027
0.360429108143 0.805999994278
0.366246290505 0.804000020027
0.372063472867 0.802999973297
0.377880655229 0.806999981403
0.383697837591 0.808000028133
0.389515019953 0.81099998951
0.395332202315 0.808000028133
0.401149384677 0.813000023365
0.406966567039 0.81400001049
0.412783749402 0.79699999094
0.418600931764 -1
0.424418114126 -1
0.430235296488 0.827000021935
0.43605247885 0.829999983311
0.441869661212 0.833000004292
0.447686843574 0.834999978542
0.453504025936 0.839999973774
0.459321208298 0.837999999523
0.46513839066 0.84500002861
0.470955573022 0.847999989986
0.476772755384 0.848999977112
0.482589937747 0.856000006199
0.488407120109 0.85900002718
0.494224302471 0.870000004768
0.500041484833 0.861999988556
0.505858667195 0.864000022411
0.511675849557 0.865999996662
0.517493031919 0.870999991894
0.523310214281 0.870999991894
0.529127396643 0.879999995232
0.534944579005 0.879999995232
0.540761761367 0.884999990463
0.546578943729 0.887000024319
0.552396126091 0.888999998569
0.558213308454 0.89200001955
0.564030490816 0.897000014782
0.569847673178 0.898999989033
0.57566485554 0.898999989033
0.581482037902 0.910000026226
0.587299220264 0.912999987602
0.593116402626 0.916000008583
0.598933584988 0.920000016689
0.60475076735 0.922999978065
0.610567949712 0.926999986172
0.616385132074 0.933000028133
0.622202314436 0.936999976635
0.628019496799 0.93599998951
0.633836679161 0.945999979973
0.639653861523 0.947000026703
0.645471043885 0.954999983311
0.651288226247 0.961000025272
0.657105408609 0.959999978542
0.662922590971 0.967999994755
0.668739773333 0.972000002861
0.674556955695 0.978999972343
0.680374138057 0.987999975681
0.686191320419 0.986000001431
0.692008502781 -1
0.697825685143 -1
0.703642867506 1.09000003338
0.709460049868 1.08200001717
0.71527723223 -1
0.721094414592 -1
0.726911596954 -1
0.732728779316 0.98400002718
0.738545961678 -1
0.74436314404 -1
0.750180326402 -1
0.755997508764 -1
0.761814691126 1.0039999485
0.767631873488 -1
0.773449055851 -1
0.779266238213 -1
0.785083420575 0.722999989986
0.790900602937 0.727999985218
0.796717785299 -1
0.802534967661 -1
0.808352150023 -1
0.814169332385 -1
0.819986514747 -1
0.825803697109 1.08099997044
0.831620879471 1.08399999142
0.837438061833 1.08099997044
0.843255244195 1.07500004768
0.849072426558 -1
0.85488960892 -1
0.860706791282 -1
0.866523973644 3.04600000381
0.872341156006 3.05900001526
0.878158338368 3.05100011826
0.88397552073 3.03600001335
0.889792703092 3.02300000191
0.895609885454 3.00900006294
0.901427067816 2.99399995804
0.907244250178 2.97600007057
0.91306143254 2.96799993515
0.918878614902 2.95000004768
0.924695797265 2.94199991226
0.930512979627 2.93099999428
0.936330161989 2.91799998283
0.942147344351 2.90499997139
0.947964526713 2.88700008392
0.953781709075 -1
0.959598891437 -1
0.965416073799 -1
0.971233256161 -1
0.977050438523 -1
0.982867620885 -1
0.988684803247 -1
0.99450198561 -1
1.00031916797 -1
1.00613635033 0.875
1.0119535327 0.884999990463
1.01777071506 0.874000012875
1.02358789742 -1
1.02940507978 -1
1.03522226214 1.7840000391
1.04103944451 1.77999997139
1.04685662687 1.77499997616
1.05267380923 1.77199995518
1.05849099159 1.76800000668
1.06430817395 1.76499998569
1.07012535632 1.76900005341
1.07594253868 1.76300001144
1.08175972104 1.77799999714
1.0875769034 1.76499998569
1.09339408576 -1
1.09921126813 -1
1.10502845049 2.14899992943
1.11084563285 2.15400004387
1.11666281521 2.16100001335
1.12247999758 2.16300010681
1.12829717994 2.16899991035
1.1341143623 2.17700004578
1.13993154466 2.18099999428
1.14574872702 2.19000005722
1.15156590939 2.19000005722
1.15738309175 2.19799995422
1.16320027411 2.21000003815
1.16901745647 2.22199988365
1.17483463883 2.23300004005
1.1806518212 2.23699998856
1.18646900356 2.24300003052
1.19228618592 2.25200009346
1.19810336828 -1
1.20392055064 -1
1.20973773301 -1
1.21555491537 -1
1.22137209773 2.24000000954
1.22718928009 -1
1.23300646245 -1
1.23882364482 -1
1.24464082718 3.00600004196
1.25045800954 3.007999897
1.2562751919 3.00300002098
1.26209237427 2.9849998951
1.26790955663 2.98099994659
1.27372673899 2.98200011253
1.27954392135 2.97499990463
1.28536110371 2.97000002861
1.29117828608 2.96199989319
1.29699546844 2.95300006866
1.3028126508 -1
1.30862983316 -1
1.31444701552 -1
1.32026419789 2.07699990273
1.32608138025 2.06100010872
1.33189856261 2.05999994278
1.33771574497 2.0680000782
1.34353292733 2.07100009918
1.3493501097 2.05900001526
1.35516729206 2.04600000381
1.36098447442 -1
1.36680165678 -1
1.37261883914 -1
1.37843602151 -1
1.38425320387 -1
1.39007038623 2.01600003242
1.39588756859 2.00699996948
1.40170475096 2.00200009346
1.40752193332 2.00099992752
1.41333911568 2.03200006485
1.41915629804 2.04299998283
1.4249734804 2.0490000248
1.43079066277 2.04600000381
1.43660784513 2.06200003624
1.44242502749 -1
1.44824220985 -1
1.45405939221 -1
1.45987657458 1.34200000763
1.46569375694 1.32799994946
1.4715109393 1.33000004292
1.47732812166 1.33399999142
1.48314530402 1.34000003338
1.48896248639 -1
1.49477966875 -1
1.50059685111 -1
1.50641403347 -1
1.51223121583 2.08400011063
1.5180483982 2.06999993324
1.52386558056 2.05399990082
1.52968276292 2.03900003433
1.53549994528 -1
1.54131712765 -1
1.54713431001 -1
1.55295149237 1.61199998856
1.55876867473 1.59500002861
1.56458585709 1.5909999609
1.57040303946 1.5759999752
1.57622022182 1.5759999752
1.58203740418 1.55900001526
1.58785458654 1.55200004578
1.5936717689 -1
1.59948895127 -1
1.60530613363 -1
1.61112331599 -1
1.61694049835 0.816999971867
1.62275768071 0.808000028133
1.62857486308 0.796000003815
1.63439204544 0.783999979496
1.6402092278 0.774999976158
1.64602641016 0.769999980927
1.65184359252 0.76700001955
1.65766077489 0.762000024319
1.66347795725 0.754000008106
1.66929513961 0.749000012875
1.67511232197 0.748000025749
1.68092950433 0.745999991894
1.6867466867 0.742999970913
1.69256386906 -1
1.69838105142 -1
1.70419823378 -1
1.71001541615 -1
1.71583259851 1.22399997711
1.72164978087 1.2460000515
1.72746696323 -1
1.73328414559 -1
1.73910132796 -1
1.74491851032 2.49699997902
1.75073569268 2.50699996948
1.75655287504 2.52200007439
1.7623700574 2.56100010872
1.76818723977 2.60299992561
1.77400442213 2.62400007248
1.77982160449 2.63800001144
1.78563878685 2.67000007629
1.79145596921 2.75300002098
1.79727315158 2.83800005913
1.80309033394 2.85400009155
1.8089075163 2.85100007057
1.81472469866 2.85199999809
1.82054188102 2.84500002861
1.82635906339 2.84800004959
1.83217624575 2.84299993515
1.83799342811 2.83800005913
1.84381061047 2.83100008965
1.84962779284 2.82399988174
1.8554449752 2.82500004768
1.86126215756 2.81900000572
1.86707933992 2.81699991226
1.87289652228 2.81200003624
1.87871370465 2.80599999428
1.88453088701 2.80399990082
1.89034806937 2.79699993134
1.89616525173 2.79600000381
1.90198243409 2.79399991035
1.90779961646 2.79299998283
1.91361679882 2.79600000381
1.91943398118 2.80399990082
1.92525116354 2.80200004578
