-1.91990637779 2.41499996185
-1.91408919543 2.41400003433
-1.90827201307 2.40799999237
-1.90245483071 2.41000008583
-1.89663764834 2.39899992943
-1.89082046598 2.39899992943
-1.88500328362 2.39899992943
-1.87918610126 2.3900001049
-1.8733689189 2.39700007439
-1.86755173653 2.38700008392
-1.86173455417 2.3900001049
-1.85591737181 2.38700008392
-1.85010018945 2.38800001144
-1.84428300709 2.382999897
-1.83846582472 2.382999897
-1.83264864236 2.375
-1.82683146 2.37800002098
-1.82101427764 2.36999988556
-1.81519709527 2.36999988556
-1.80937991291 2.3710000515
-1.80356273055 2.36299991608
-1.79774554819 2.375
-1.79192836583 2.367000103
-1.78611118346 2.36599993706
-1.7802940011 2.36199998856
-1.77447681874 2.35599994659
-1.76865963638 2.36299991608
-1.76284245402 2.35299992561
-1.75702527165 2.35100007057
-1.75120808929 2.34999990463
-1.74539090693 2.34999990463
-1.73957372457 2.35299992561
-1.73375654221 2.34800004959
-1.72793935984 2.34999990463
-1.72212217748 2.34500002861
-1.71630499512 2.34699988365
-1.71048781276 2.34200000763
-1.7046706304 2.34400010109
-1.69885344803 2.34800004959
-1.69303626567 2.34200000763
-1.68721908331 2.34500002861
-1.68140190095 2.34599995613
-1.67558471859 2.34899997711
-1.66976753622 2.35299992561
-1.66395035386 2.35100007057
-1.6581331715 2.35100007057
-1.65231598914 2.35100007057
-1.64649880677 2.35599994659
-1.64068162441 2.3599998951
-1.63486444205 2.35299992561
-1.62904725969 2.35800004005
-1.62323007733 2.36199998856
-1.61741289496 2.36400008202
-1.6115957126 2.36599993706
-1.60577853024 2.36999988556
-1.59996134788 2.36199998856
-1.59414416552 2.36599993706
-1.58832698315 2.375
-1.58250980079 2.3710000515
-1.57669261843 2.37199997902
-1.57087543607 2.37599992752
-1.56505825371 2.37800002098
-1.55924107134 2.37800002098
-1.55342388898 2.38199996948
-1.54760670662 2.38800001144
-1.54178952426 2.38899993896
-1.5359723419 2.39400005341
-1.53015515953 2.39800000191
-1.52433797717 2.39100003242
-1.51852079481 2.40100002289
-1.51270361245 2.39499998093
-1.50688643008 2.40300011635
-1.50106924772 2.40599989891
-1.49525206536 2.40700006485
-1.489434883 2.41100001335
-1.48361770064 2.41400003433
-1.47780051827 2.41499996185
-1.47198333591 2.42300009727
-1.46616615355 2.42499995232
-1.46034897119 2.4279999733
-1.45453178883 2.43099999428
-1.44871460646 2.44199991226
-1.4428974241 2.4430000782
-1.43708024174 2.44499993324
-1.43126305938 2.44899988174
-1.42544587702 2.4470000267
-1.41962869465 2.45399999619
-1.41381151229 2.45900011063
-1.40799432993 2.46499991417
-1.40217714757 2.46900010109
-1.39635996521 2.47199988365
-1.39054278284 2.47799992561
-1.38472560048 2.48699998856
-1.37890841812 2.49099993706
-1.37309123576 2.48200011253
-1.36727405339 2.47199988365
-1.36145687103 -1
-1.35563968867 -1
-1.34982250631 5.24900007248
-1.34400532395 5.16800022125
-1.33818814158 5.08099985123
-1.33237095922 5.01399993896
-1.32655377686 4.93499994278
-1.3207365945 4.79199981689
-1.31491941214 4.74900007248
-1.30910222977 4.77699995041
-1.30328504741 4.76900005341
-1.29746786505 4.67100000381
-1.29165068269 4.52500009537
-1.28583350033 4.49399995804
-1.28001631796 4.44199991226
-1.2741991356 4.40899991989
-1.26838195324 4.40700006485
-1.26256477088 4.42299985886
-1.25674758852 -1
-1.25093040615 -1
-1.24511322379 -1
-1.23929604143 3.50200009346
-1.23347885907 3.46499991417
-1.2276616767 3.43799996376
-1.22184449434 3.40799999237
-1.21602731198 3.39199995995
-1.21021012962 3.36100006104
-1.20439294726 3.35500001907
-1.19857576489 3.35400009155
-1.19275858253 3.31100010872
-1.18694140017 3.31200003624
-1.18112421781 3.28399991989
-1.17530703545 3.27999997139
-1.16948985308 3.22799992561
-1.16367267072 3.2009999752
-1.15785548836 3.1819999218
-1.152038306 3.1740000248
-1.14622112364 3.12299990654
-1.14040394127 3.10599994659
-1.13458675891 3.08899998665
-1.12876957655 3.07500004768
-1.12295239419 3.05399990082
-1.11713521183 3.03500008583
-1.11131802946 3.02200007439
-1.1055008471 2.97900009155
-1.09968366474 2.98399996758
-1.09386648238 2.96099996567
-1.08804930001 2.95399999619
-1.08223211765 2.93899989128
-1.07641493529 2.92199993134
-1.07059775293 -1
-1.06478057057 -1
-1.0589633882 -1
-1.05314620584 3.01300001144
-1.04732902348 3.02699995041
-1.04151184112 3.04699993134
-1.03569465876 3.06699991226
-1.02987747639 3.08200001717
-1.02406029403 3.10599994659
-1.01824311167 3.11800003052
-1.01242592931 3.12800002098
-1.00660874695 3.15100002289
-1.00079156458 3.17199993134
-0.994974382222 3.18000006676
-0.98915719986 3.18700003624
-0.983340017498 3.19000005722
-0.977522835135 3.1819999218
-0.971705652773 3.16799998283
-0.965888470411 3.14400005341
-0.960071288049 3.12400007248
-0.954254105687 3.10199999809
-0.948436923325 3.08200001717
-0.942619740963 3.06399989128
-0.936802558601 3.04399991035
-0.930985376239 3.02699995041
-0.925168193877 3.00600004196
-0.919351011515 2.9849998951
-0.913533829153 2.97300004959
-0.907716646791 2.95399999619
-0.901899464428 2.93499994278
-0.896082282066 2.92100000381
-0.890265099704 2.90799999237
-0.884447917342 2.88599991798
-0.87863073498 2.875
-0.872813552618 2.84899997711
-0.866996370256 2.83299994469
-0.861179187894 2.82299995422
-0.855362005532 2.80399990082
-0.84954482317 2.78999996185
-0.843727640808 2.78500008583
-0.837910458446 2.76300001144
-0.832093276083 2.75900006294
-0.826276093721 2.74499988556
-0.820458911359 2.72199988365
-0.814641728997 2.70600008965
-0.808824546635 2.70399999619
-0.803007364273 2.68899989128
-0.797190181911 2.6819999218
-0.791372999549 2.66300010681
-0.785555817187 2.65499997139
-0.779738634825 2.6400001049
-0.773921452463 2.62599992752
-0.768104270101 2.61100006104
-0.762287087739 2.60800004005
-0.756469905376 2.59100008011
-0.750652723014 2.58999991417
-0.744835540652 2.56500005722
-0.73901835829 2.56900000572
-0.733201175928 2.56100010872
-0.727383993566 2.54600000381
-0.721566811204 2.52200007439
-0.715749628842 2.52500009537
-0.70993244648 2.50999999046
-0.704115264118 2.50900006294
-0.698298081756 2.4960000515
-0.692480899394 2.4849998951
-0.686663717031 2.46700000763
-0.680846534669 2.46000003815
-0.675029352307 2.46499991417
-0.669212169945 2.45000004768
-0.663394987583 2.43700003624
-0.657577805221 2.44000005722
-0.651760622859 2.42600011826
-0.645943440497 2.42000007629
-0.640126258135 2.40400004387
-0.634309075773 2.40400004387
-0.628491893411 2.39199995995
-0.622674711049 2.38499999046
-0.616857528687 2.37800002098
-0.611040346324 2.36299991608
-0.605223163962 2.36299991608
-0.5994059816 2.34999990463
-0.593588799238 2.35100007057
-0.587771616876 2.33500003815
-0.581954434514 2.33599996567
-0.576137252152 2.3220000267
-0.57032006979 2.31999993324
-0.564502887428 2.3220000267
-0.558685705066 2.29800009727
-0.552868522704 2.31100010872
-0.547051340342 2.29399991035
-0.541234157979 2.28999996185
-0.535416975617 2.27999997139
-0.529599793255 2.28099989891
-0.523782610893 2.27900004387
-0.517965428531 2.26799988747
-0.512148246169 2.26900005341
-0.506331063807 2.25300002098
-0.500513881445 2.25
-0.494696699083 2.23900008202
-0.488879516721 2.23799991608
-0.483062334359 2.24000000954
-0.477245151997 2.2349998951
-0.471427969635 2.2349998951
-0.465610787272 2.22000002861
-0.45979360491 2.22399997711
-0.453976422548 2.22300004959
-0.448159240186 2.21199989319
-0.442342057824 2.21099996567
-0.436524875462 2.19099998474
-0.4307076931 2.20000004768
-0.424890510738 2.18499994278
-0.419073328376 2.1970000267
-0.413256146014 2.19099998474
-0.407438963652 2.18099999428
-0.40162178129 2.17899990082
-0.395804598927 2.17199993134
-0.389987416565 2.16700005531
-0.384170234203 2.16799998283
-0.378353051841 2.16799998283
-0.372535869479 2.16300010681
-0.366718687117 2.15300011635
-0.360901504755 2.16199994087
-0.355084322393 2.15100002289
-0.349267140031 2.15000009537
-0.343449957669 2.14100003242
-0.337632775307 2.14700007439
-0.331815592945 2.14899992943
-0.325998410583 2.13700008392
-0.32018122822 2.13199996948
-0.314364045858 2.12800002098
-0.308546863496 2.1289999485
-0.302729681134 2.12599992752
-0.296912498772 2.12800002098
-0.29109531641 2.12800002098
-0.285278134048 2.12599992752
-0.279460951686 2.11800003052
-0.273643769324 2.12199997902
-0.267826586962 2.11500000954
-0.2620094046 2.11500000954
-0.256192222238 2.1210000515
-0.250375039876 2.10800004005
-0.244557857513 2.11199998856
-0.238740675151 2.11599993706
-0.232923492789 2.11199998856
-0.227106310427 2.10500001907
-0.221289128065 2.11299991608
-0.215471945703 2.10500001907
-0.209654763341 2.11199998856
-0.203837580979 2.10700011253
-0.198020398617 2.10700011253
-0.192203216255 2.10199999809
-0.186386033893 2.11100006104
-0.180568851531 2.09999990463
-0.174751669168 2.10299992561
-0.168934486806 2.09899997711
-0.163117304444 2.09400010109
-0.157300122082 2.1099998951
-0.15148293972 2.09999990463
-0.145665757358 2.10599994659
-0.139848574996 2.09500002861
-0.134031392634 2.09699988365
-0.128214210272 2.09400010109
-0.12239702791 2.09800004959
-0.116579845548 -1
-0.110762663186 -1
-0.104945480824 -1
-0.0991282984614 -1
-0.0933111160994 -1
-0.0874939337373 -1
-0.0816767513752 -1
-0.0758595690131 -1
-0.070042386651 -1
-0.064225204289 -1
-0.0584080219269 -1
-0.0525908395648 -1
-0.0467736572027 -1
-0.0409564748406 -1
-0.0351392924786 -1
-0.0293221101165 -1
-0.0235049277544 -1
-0.0176877453923 -1
-0.0118705630302 -1
-0.00605338066816 -1
-0.000236198306084 -1
0.005580984056 -1
0.0113981664181 -1
0.0172153487802 -1
0.0230325311422 -1
0.0288497135043 -1
0.0346668958664 -1
0.0404840782285 11.3990001678
0.0463012605906 -1
0.0521184429526 -1
0.0579356253147 10.486000061
0.0637528076768 10.4270000458
0.0695699900389 10.420999527
0.075387172401 10.3780002594
0.081204354763 -1
0.0870215371251 -1
0.0928387194872 -1
0.0986559018493 -1
0.104473084211 8.60999965668
0.110290266573 8.36499977112
0.116107448936 8.21800041199
0.121924631298 7.99599981308
0.12774181366 7.81300020218
0.133558996022 7.66800022125
0.139376178384 7.49900007248
0.145193360746 7.33400011063
0.151010543108 7.19999980927
0.15682772547 7.04699993134
0.162644907832 6.90899991989
0.168462090194 6.79899978638
0.174279272556 6.66099977493
0.180096454918 6.54799985886
0.18591363728 6.4310002327
0.191730819643 6.32600021362
0.197548002005 6.19999980927
0.203365184367 6.10799980164
0.209182366729 5.99800014496
0.214999549091 5.90500020981
0.220816731453 5.80999994278
0.226633913815 5.73000001907
0.232451096177 5.63999986649
0.238268278539 5.55800008774
0.244085460901 5.47800016403
0.249902643263 5.39200019836
0.255719825625 5.32499980927
0.261537007987 5.24100017548
0.26735419035 5.16599988937
0.273171372712 5.09999990463
0.278988555074 5.03100013733
0.284805737436 4.96400022507
0.290622919798 4.90799999237
0.29644010216 4.84600019455
0.302257284522 4.78000020981
0.308074466884 4.72700023651
0.313891649246 4.66699981689
0.319708831608 4.617000103
0.32552601397 4.5609998703
0.331343196332 4.50699996948
0.337160378695 4.45100021362
0.342977561057 4.40199995041
0.348794743419 4.35300016403
0.354611925781 4.3060002327
0.360429108143 4.2610001564
0.366246290505 4.20599985123
0.372063472867 4.16300010681
0.377880655229 4.12400007248
0.383697837591 4.07600021362
0.389515019953 4.03900003433
0.395332202315 3.99300003052
0.401149384677 3.96099996567
0.406966567039 3.91599988937
0.412783749402 3.88199996948
0.418600931764 3.84800004959
0.424418114126 3.80200004578
0.430235296488 3.76900005341
0.43605247885 3.73900008202
0.441869661212 3.69899988174
0.447686843574 3.6740000248
0.453504025936 3.63700008392
0.459321208298 3.61100006104
0.46513839066 3.57899999619
0.470955573022 3.54800009727
0.476772755384 3.51200008392
0.482589937747 3.49000000954
0.488407120109 3.46000003815
0.494224302471 3.43000006676
0.500041484833 3.40499997139
0.505858667195 3.37800002098
0.511675849557 3.35400009155
0.517493031919 3.3259999752
0.523310214281 3.30800008774
0.529127396643 3.27500009537
0.534944579005 3.25300002098
0.540761761367 3.23399996758
0.546578943729 3.2009999752
0.552396126091 3.18000006676
0.558213308454 3.16199994087
0.564030490816 3.13700008392
0.569847673178 3.11899995804
0.57566485554 3.09400010109
0.581482037902 3.06999993324
0.587299220264 3.05100011826
0.593116402626 3.02999997139
0.598933584988 3.007999897
0.60475076735 2.99300003052
0.610567949712 2.97099995613
0.616385132074 2.95300006866
0.622202314436 2.93799996376
0.628019496799 2.92000007629
0.633836679161 2.90100002289
0.639653861523 2.88499999046
0.645471043885 2.86800003052
0.651288226247 2.84800004959
0.657105408609 -1
0.662922590971 -1
0.668739773333 -1
0.674556955695 -1
0.680374138057 2.41700005531
0.686191320419 2.40599989891
0.692008502781 2.40300011635
0.697825685143 2.36999988556
0.703642867506 2.31500005722
0.709460049868 2.29299998283
0.71527723223 2.27699995041
0.721094414592 2.25900006294
0.726911596954 2.25300002098
0.732728779316 2.2349998951
0.738545961678 2.22300004959
0.74436314404 2.21700000763
0.750180326402 2.20499992371
0.755997508764 2.19600009918
0.761814691126 2.1930000782
0.767631873488 2.17000007629
0.773449055851 2.15599989891
0.779266238213 2.15000009537
0.785083420575 2.14599990845
0.790900602937 2.15499997139
0.796717785299 2.17600011826
0.802534967661 2.19099998474
0.808352150023 2.20499992371
0.814169332385 2.21900010109
0.819986514747 2.1970000267
0.825803697109 2.13800001144
0.831620879471 2.12599992752
0.837438061833 2.12400007248
0.843255244195 2.11100006104
0.849072426558 2.10500001907
0.85488960892 2.09800004959
0.860706791282 2.09100008011
0.866523973644 2.08200001717
0.872341156006 2.0720000267
0.878158338368 2.07100009918
0.88397552073 2.06299996376
0.889792703092 2.05500006676
0.895609885454 2.04699993134
0.901427067816 2.04099988937
0.907244250178 2.03299999237
0.91306143254 2.02699995041
0.918878614902 2.02099990845
0.924695797265 2.01300001144
0.930512979627 2.00300002098
0.936330161989 2.0
0.942147344351 1.99199998379
0.947964526713 1.99100005627
0.953781709075 1.98000001907
0.959598891437 1.97300004959
0.965416073799 1.9659999609
0.971233256161 1.96300005913
0.977050438523 1.95599997044
0.982867620885 1.95000004768
0.988684803247 1.94599997997
0.99450198561 1.93799996376
1.00031916797 1.92900002003
1.00613635033 1.93900001049
1.0119535327 1.95299994946
1.01777071506 1.97800004482
1.02358789742 2.00900006294
1.02940507978 2.03600001335
1.03522226214 2.06200003624
1.04103944451 2.09100008011
1.04685662687 2.14899992943
1.05267380923 2.16499996185
1.05849099159 -1
1.06430817395 -1
1.07012535632 1.90600001812
1.07594253868 1.90699994564
1.08175972104 1.89499998093
1.0875769034 1.88999998569
1.09339408576 1.88900005817
1.09921126813 1.88300001621
1.10502845049 1.87699997425
1.11084563285 1.87199997902
1.11666281521 1.8710000515
1.12247999758 1.86199998856
1.12829717994 1.86399996281
1.1341143623 1.85800004005
1.13993154466 1.85399997234
1.14574872702 1.85599994659
1.15156590939 1.84899997711
1.15738309175 1.84800004959
1.16320027411 1.84599995613
1.16901745647 1.84399998188
1.17483463883 1.8409999609
1.1806518212 1.83800005913
1.18646900356 1.83899998665
1.19228618592 1.83299994469
1.19810336828 1.82400000095
1.20392055064 1.8259999752
1.20973773301 1.82099997997
1.21555491537 1.82000005245
1.22137209773 1.81799995899
1.22718928009 1.81400001049
1.23300646245 1.81599998474
1.23882364482 1.80400002003
1.24464082718 1.80400002003
1.25045800954 1.80400002003
1.2562751919 1.80200004578
1.26209237427 1.79799997807
1.26790955663 1.80400002003
1.27372673899 1.79299998283
1.27954392135 1.79799997807
1.28536110371 1.80700004101
1.29117828608 -1
1.29699546844 -1
1.3028126508 -1
1.30862983316 2.02800011635
1.31444701552 2.02099990845
1.32026419789 2.02099990845
1.32608138025 2.01699995995
1.33189856261 2.01699995995
1.33771574497 2.01600003242
1.34353292733 2.00999999046
1.3493501097 2.01399993896
1.35516729206 2.01200008392
1.36098447442 -1
1.36680165678 -1
1.37261883914 -1
1.37843602151 -1
1.38425320387 -1
1.39007038623 -1
1.39588756859 -1
1.40170475096 -1
1.40752193332 -1
1.41333911568 -1
1.41915629804 -1
1.4249734804 -1
1.43079066277 -1
1.43660784513 -1
1.44242502749 -1
1.44824220985 -1
1.45405939221 -1
1.45987657458 -1
1.46569375694 -1
1.4715109393 -1
1.47732812166 -1
1.48314530402 -1
1.48896248639 -1
1.49477966875 -1
1.50059685111 -1
1.50641403347 -1
1.51223121583 -1
1.5180483982 -1
1.52386558056 -1
1.52968276292 -1
1.53549994528 -1
1.54131712765 -1
1.54713431001 -1
1.55295149237 -1
1.55876867473 -1
1.56458585709 -1
1.57040303946 -1
1.57622022182 -1
1.58203740418 -1
1.58785458654 -1
1.5936717689 -1
1.59948895127 -1
1.60530613363 -1
1.61112331599 -1
1.61694049835 -1
1.62275768071 -1
1.62857486308 -1
1.63439204544 -1
1.6402092278 -1
1.64602641016 -1
1.65184359252 -1
1.65766077489 -1
1.66347795725 -1
1.66929513961 -1
1.67511232197 -1
1.68092950433 11.843000412
1.6867466867 11.8489999771
1.69256386906 11.8690004349
1.69838105142 -1
1.70419823378 -1
1.71001541615 -1
1.71583259851 -1
1.72164978087 -1
1.72746696323 -1
1.73328414559 -1
1.73910132796 -1
1.74491851032 -1
1.75073569268 -1
1.75655287504 -1
1.7623700574 7.77799987793
1.76818723977 7.63899993896
1.77400442213 7.52400016785
1.77982160449 7.39599990845
1.78563878685 7.26300001144
1.79145596921 7.15700006485
1.79727315158 7.03900003433
1.80309033394 6.92700004578
1.8089075163 6.82899999619
1.81472469866 6.71899986267
1.82054188102 6.61999988556
1.82635906339 6.52299976349
1.83217624575 6.42600011826
1.83799342811 6.33099985123
1.84381061047 6.25400018692
1.84962779284 6.16699981689
1.8554449752 6.08300018311
1.86126215756 6.00199985504
1.86707933992 5.92299985886
1.87289652228 5.84700012207
1.87871370465 5.78299999237
1.88453088701 5.70300006866
1.89034806937 5.63000011444
1.89616525173 5.5689997673
1.90198243409 5.49800014496
1.90779961646 5.4310002327
1.91361679882 5.37799978256
1.91943398118 5.30999994278
1.92525116354 5.24800014496
